#24.9105,  5.29218, 0.1125, 0.0846, 16.583, 0.549635,  34.9586, 30 Jan 2015 23:41:12
#24.9001,  5.29394, 0.1095, 0.0830, 16.593, 0.549822,  34.9797, 31 Jan 2015 00:01:12
#24.8958,  5.30171, 0.1074, 0.0843, 16.598, 0.549929,  35.0408, 31 Jan 2015 00:21:12
#24.9021,  5.30609, 0.1049, 0.0830, 16.582, 0.549791,  35.0685, 31 Jan 2015 00:41:12
#24.9426,  5.31587, 0.1001, 0.0835, 16.534, 0.549105,  35.1097, 31 Jan 2015 01:01:12
#24.9426,  5.31587, 0.1001, 0.0835, 16.534, 0.549105,  35.1097, 31 Jan 2015 01:01:12
#24.9414,  5.31569, 0.1001, 0.0833, 16.524, 0.549092,  35.1092, 31 Jan 2015 01:21:12
#24.9592,  5.31842, 0.0999, 0.0843, 16.527, 0.548808,  35.1157, 31 Jan 2015 02:01:12
#24.9256,  5.30276, 0.0962, 0.0841, 16.467, 0.549148,  35.0255, 31 Jan 2015 02:21:12
#24.9809,  5.32108, 0.0975, 0.0830, 16.485, 0.548407,  35.1186, 31 Jan 2015 02:41:12
