#   24.34 	   32.75 	  103.7 	    7.19 	    1.850000000 	    0.4 	 -999.0 	 06 Jan 2015 00:00:00 
#   24.11 	   31.76 	  103.8 	    7.27 	    1.850000000 	    0.4 	 -999.0 	 06 Jan 2015 00:15:00 
#   24.20 	   32.27 	  103.8 	    7.24 	    2.305000000 	    0.5 	 -999.0 	 06 Jan 2015 00:30:00 
#   24.31 	   32.52 	  103.7 	    7.21 	    1.850000000 	    0.3 	 -999.0 	 06 Jan 2015 00:45:00 
#   24.32 	   32.55 	  103.6 	    7.20 	    1.395000000 	    0.3 	 -999.0 	 06 Jan 2015 01:00:00 
#   24.38 	   32.85 	  103.6 	    7.18 	    1.395000000 	    0.3 	 -999.0 	 06 Jan 2015 01:15:00 
#   24.34 	   32.84 	  103.5 	    7.18 	    1.395000000 	    0.3 	 -999.0 	 06 Jan 2015 01:30:00 
#   24.31 	   32.85 	  103.4 	    7.17 	    1.850000000 	    0.3 	 -999.0 	 06 Jan 2015 01:45:00 
#   24.06 	   32.32 	  103.9 	    7.26 	    1.850000000 	    0.4 	 -999.0 	 06 Jan 2015 02:00:00 
#   23.71 	   31.34 	  103.6 	    7.33 	    1.395000000 	    0.5 	 -999.0 	 06 Jan 2015 02:15:00 
#   23.66 	   31.16 	  102.5 	    7.26 	    0.940000000 	    0.7 	 -999.0 	 06 Jan 2015 02:30:00 
#   23.55 	   29.55 	  102.4 	    7.34 	    1.395000000 	    0.7 	 -999.0 	 06 Jan 2015 02:45:00 
#   23.52 	   30.94 	  101.8 	    7.24 	    1.850000000 	    0.6 	 -999.0 	 06 Jan 2015 03:00:00 
#   23.50 	   31.09 	  101.7 	    7.23 	    0.940000000 	    0.5 	 -999.0 	 06 Jan 2015 03:15:00 
#   23.37 	   30.87 	  101.3 	    7.22 	    0.940000000 	    0.6 	 -999.0 	 06 Jan 2015 03:30:00 
#   23.37 	   30.89 	  102.0 	    7.27 	    1.395000000 	    0.6 	 -999.0 	 06 Jan 2015 03:45:00 
#   23.41 	   31.11 	  101.8 	    7.24 	    0.940000000 	    0.5 	 -999.0 	 06 Jan 2015 04:00:00 
#   23.28 	   30.89 	  101.2 	    7.23 	    0.940000000 	    0.5 	 -999.0 	 06 Jan 2015 04:15:00 
#   23.24 	   30.87 	  101.2 	    7.23 	    0.940000000 	    0.5 	 -999.0 	 06 Jan 2015 04:30:00 
#   23.41 	   30.97 	  101.1 	    7.20 	    1.395000000 	    0.5 	 -999.0 	 06 Jan 2015 04:45:00 
#   23.46 	   31.09 	  101.6 	    7.23 	    0.940000000 	    0.6 	 -999.0 	 06 Jan 2015 05:00:00 
#   23.63 	   31.33 	  102.1 	    7.23 	    1.395000000 	    0.5 	 -999.0 	 06 Jan 2015 05:15:00 
#   23.02 	   30.80 	  100.7 	    7.23 	    0.485000000 	    0.6 	 -999.0 	 06 Jan 2015 05:30:00 
#   22.99 	   30.82 	  100.5 	    7.22 	    1.395000000 	    0.6 	 -999.0 	 06 Jan 2015 05:45:00 
#   22.95 	   30.85 	  100.5 	    7.22 	    0.940000000 	    0.6 	 -999.0 	 06 Jan 2015 06:00:00 
#   23.17 	   31.20 	  101.3 	    7.23 	    0.940000000 	    0.5 	 -999.0 	 06 Jan 2015 06:15:00 
#   23.11 	   31.04 	  101.1 	    7.24 	    0.940000000 	    0.7 	 -999.0 	 06 Jan 2015 06:30:00 
#   22.99 	   31.00 	  100.4 	    7.21 	    0.940000000 	    0.6 	 -999.0 	 06 Jan 2015 06:45:00 
#   22.84 	   30.88 	  100.3 	    7.22 	    0.000000000 	    0.7 	 -999.0 	 06 Jan 2015 07:00:00 
#   22.95 	   30.91 	  100.6 	    7.22 	    0.485000000 	    0.9 	 -999.0 	 06 Jan 2015 07:15:00 
#   22.71 	   30.36 	   99.9 	    7.23 	    0.940000000 	    0.8 	 -999.0 	 06 Jan 2015 07:30:00 
#   23.39 	   31.20 	  102.8 	    7.32 	    1.395000000 	    0.6 	 -999.0 	 06 Jan 2015 07:45:00 
#   22.98 	   30.60 	  101.2 	    7.28 	    0.940000000 	    0.7 	 -999.0 	 06 Jan 2015 08:00:00 
#   22.88 	   30.58 	  101.0 	    7.28 	    1.395000000 	    0.7 	 -999.0 	 06 Jan 2015 08:15:00 
#   24.20 	   32.61 	  100.4 	    6.99 	    0.940000000 	    1.1 	 -999.0 	 06 Jan 2015 08:30:00 
#   22.74 	   30.38 	  100.8 	    7.29 	    0.940000000 	    0.7 	 -999.0 	 06 Jan 2015 08:45:00 
#   24.01 	   31.18 	  101.1 	    7.12 	    1.395000000 	    1.1 	 -999.0 	 06 Jan 2015 09:00:00 
#   23.47 	   31.91 	  101.0 	    7.15 	    1.395000000 	    1.0 	 -999.0 	 06 Jan 2015 09:15:00 
#   23.40 	   30.58 	  101.2 	    7.23 	    0.485000000 	    1.0 	 -999.0 	 06 Jan 2015 09:30:00 
#   23.11 	   25.56 	  101.8 	    7.52 	    0.000000000 	    0.7 	 -999.0 	 06 Jan 2015 09:45:00 
#   23.45 	   26.95 	  102.2 	    7.45 	    0.000000000 	    0.6 	 -999.0 	 06 Jan 2015 10:00:00 
#   23.86 	   27.14 	  103.2 	    7.45 	    0.000000000 	    0.6 	 -999.0 	 06 Jan 2015 10:15:00 
#   23.52 	   27.54 	  103.1 	    7.47 	    0.940000000 	    0.4 	 -999.0 	 06 Jan 2015 10:30:00 
#   23.83 	   28.49 	  102.5 	    7.35 	    0.485000000 	    0.3 	 -999.0 	 06 Jan 2015 10:45:00 
#   24.03 	   28.04 	  102.9 	    7.38 	    0.000000000 	    0.3 	 -999.0 	 06 Jan 2015 11:00:00 
#   24.27 	   33.13 	  103.0 	    7.14 	    0.000000000 	    0.3 	 -999.0 	 06 Jan 2015 11:15:00 
#   24.42 	   33.39 	  103.1 	    7.12 	    0.000000000 	    0.1 	 -999.0 	 06 Jan 2015 11:30:00 
#   24.45 	   33.42 	  103.8 	    7.16 	    0.000000000 	    0.3 	 -999.0 	 06 Jan 2015 11:45:00 
#   24.48 	   30.62 	  103.7 	    7.26 	    0.485000000 	    0.3 	 -999.0 	 06 Jan 2015 12:00:00 
#   23.74 	   30.79 	  103.4 	    7.33 	    0.000000000 	    0.8 	 -999.0 	 06 Jan 2015 12:15:00 
#   23.65 	   30.56 	  103.9 	    7.38 	    0.485000000 	    0.8 	 -999.0 	 06 Jan 2015 12:30:00 
#   23.71 	   30.60 	  104.0 	    7.39 	    0.000000000 	    0.8 	 -999.0 	 06 Jan 2015 12:45:00 
#   23.76 	   30.89 	  104.9 	    7.43 	    0.485000000 	    0.8 	 -999.0 	 06 Jan 2015 13:00:00 
#   23.80 	   30.73 	  105.5 	    7.47 	    0.940000000 	    0.9 	 -999.0 	 06 Jan 2015 13:15:00 
#   23.90 	   29.55 	  106.2 	    7.56 	    1.395000000 	    0.8 	 -999.0 	 06 Jan 2015 13:30:00 
#   23.97 	   31.40 	  106.7 	    7.51 	    1.395000000 	    0.6 	 -999.0 	 06 Jan 2015 13:45:00 
#   24.03 	   31.47 	  107.2 	    7.54 	    1.395000000 	    0.7 	 -999.0 	 06 Jan 2015 14:00:00 
#   24.09 	   27.71 	  107.8 	    7.73 	    2.760000000 	    0.6 	 -999.0 	 06 Jan 2015 14:15:00 
#   24.14 	   27.43 	  108.0 	    7.75 	    2.305000000 	    0.4 	 -999.0 	 06 Jan 2015 14:30:00 
#   24.22 	   29.48 	  108.4 	    7.68 	    2.305000000 	    0.7 	 -999.0 	 06 Jan 2015 14:45:00 
#   24.29 	   28.86 	  108.8 	    7.72 	    3.670000000 	    0.5 	 -999.0 	 06 Jan 2015 15:00:00 
#   24.35 	   28.80 	  109.2 	    7.75 	    3.215000000 	    0.5 	 -999.0 	 06 Jan 2015 15:15:00 
#   24.35 	   30.35 	  109.6 	    7.71 	    3.215000000 	    0.4 	 -999.0 	 06 Jan 2015 15:30:00 
#   24.32 	   30.23 	  110.0 	    7.75 	    4.580000000 	    0.5 	 -999.0 	 06 Jan 2015 15:45:00 
#   24.31 	   28.75 	  110.3 	    7.84 	    3.670000000 	    0.6 	 -999.0 	 06 Jan 2015 16:00:00 
#   24.28 	   32.51 	  110.7 	    7.70 	    5.490000000 	    0.6 	 -999.0 	 06 Jan 2015 16:15:00 
#   24.20 	   28.78 	  111.0 	    7.90 	    5.945000000 	    0.5 	 -999.0 	 06 Jan 2015 16:30:00 
#   24.18 	   27.49 	  111.4 	    7.99 	    6.855000000 	    0.4 	 -999.0 	 06 Jan 2015 16:45:00 
#   24.18 	   28.19 	  111.4 	    7.95 	    6.855000000 	    0.5 	 -999.0 	 06 Jan 2015 17:00:00 
#   24.18 	   28.97 	  111.2 	    7.91 	    7.310000000 	    0.4 	 -999.0 	 06 Jan 2015 17:15:00 
#   24.15 	   31.93 	  111.2 	    7.78 	    7.310000000 	    0.5 	 -999.0 	 06 Jan 2015 17:30:00 
#   23.93 	   29.20 	  111.0 	    7.91 	    6.855000000 	    0.6 	 -999.0 	 06 Jan 2015 17:45:00 
#   23.83 	   31.25 	  110.5 	    7.80 	    5.490000000 	    0.8 	 -999.0 	 06 Jan 2015 18:00:00 
#   23.77 	   30.76 	  110.2 	    7.81 	    5.490000000 	    0.8 	 -999.0 	 06 Jan 2015 18:15:00 
#   23.81 	   28.92 	  109.9 	    7.87 	    5.490000000 	    0.7 	 -999.0 	 06 Jan 2015 18:30:00 
#   23.75 	   28.91 	  109.2 	    7.83 	    5.490000000 	    1.5 	 -999.0 	 06 Jan 2015 18:45:00 
#   23.69 	   30.44 	  108.8 	    7.74 	    4.580000000 	    0.9 	 -999.0 	 06 Jan 2015 19:00:00 
#   23.75 	   30.43 	  108.6 	    7.71 	    5.035000000 	    0.9 	 -999.0 	 06 Jan 2015 19:15:00 
#   23.69 	   30.36 	  108.1 	    7.69 	    4.125000000 	    0.9 	 -999.0 	 06 Jan 2015 19:30:00 
#   23.79 	   30.54 	  108.6 	    7.70 	    4.125000000 	    1.1 	 -999.0 	 06 Jan 2015 19:45:00 
#   23.52 	   30.16 	  108.1 	    7.72 	    8.220000000 	    1.1 	 -999.0 	 06 Jan 2015 20:00:00 
#   23.69 	   30.13 	  108.8 	    7.75 	    4.580000000 	    1.0 	 -999.0 	 06 Jan 2015 20:15:00 
#   23.95 	   30.81 	  109.1 	    7.71 	    3.670000000 	    1.0 	 -999.0 	 06 Jan 2015 20:30:00 
#   24.15 	   31.20 	  109.1 	    7.66 	    5.490000000 	    0.7 	 -999.0 	 06 Jan 2015 20:45:00 
#   24.00 	   31.31 	  108.7 	    7.65 	    5.035000000 	    0.8 	 -999.0 	 06 Jan 2015 21:00:00 
#   23.97 	   31.14 	  108.7 	    7.66 	    5.035000000 	    0.8 	 -999.0 	 06 Jan 2015 21:15:00 
#   24.04 	   27.74 	  108.9 	    7.81 	    4.580000000 	    0.9 	 -999.0 	 06 Jan 2015 21:30:00 
#   23.80 	   26.91 	  108.9 	    7.89 	    4.580000000 	    1.0 	 -999.0 	 06 Jan 2015 21:45:00 
#   23.63 	   28.28 	  107.2 	    7.72 	    3.670000000 	    1.1 	 -999.0 	 06 Jan 2015 22:00:00 
#   23.71 	   28.77 	  107.2 	    7.70 	    3.215000000 	    1.0 	 -999.0 	 06 Jan 2015 22:15:00 
#   23.64 	   27.72 	  106.5 	    7.70 	    3.215000000 	    0.9 	 -999.0 	 06 Jan 2015 22:30:00 
#   23.95 	   29.69 	  107.1 	    7.61 	    3.215000000 	    0.7 	 -999.0 	 06 Jan 2015 22:45:00 
#   23.80 	   29.79 	  105.5 	    7.52 	    4.125000000 	    0.7 	 -999.0 	 06 Jan 2015 23:00:00 
#   23.97 	   30.39 	  104.8 	    7.42 	    3.215000000 	    1.0 	 -999.0 	 06 Jan 2015 23:15:00 
#   24.00 	   30.52 	  102.9 	    7.28 	    1.395000000 	    1.2 	 -999.0 	 06 Jan 2015 23:30:00 
#   23.99 	   30.43 	  103.4 	    7.31 	    2.760000000 	    1.0 	 -999.0 	 06 Jan 2015 23:45:00 
