#   24.37 	   33.78 	   99.9 	    6.89 	    0.940000000 	    1.6 	 -999.0 	 09 Jan 2015 00:00:00 
#   24.42 	   34.08 	  100.3 	    6.90 	    0.485000000 	    1.7 	 -999.0 	 09 Jan 2015 00:15:00 
#   24.44 	   34.17 	  100.2 	    6.89 	    0.485000000 	    1.5 	 -999.0 	 09 Jan 2015 00:30:00 
#   24.49 	   34.30 	  100.1 	    6.86 	    1.395000000 	    1.4 	 -999.0 	 09 Jan 2015 00:45:00 
#   24.36 	   34.25 	  100.0 	    6.88 	    0.000000000 	    1.8 	 -999.0 	 09 Jan 2015 01:00:00 
#   24.29 	   33.94 	   99.9 	    6.89 	    0.940000000 	    1.8 	 -999.0 	 09 Jan 2015 01:15:00 
#   24.32 	   33.96 	   99.8 	    6.88 	    0.940000000 	    1.7 	 -999.0 	 09 Jan 2015 01:30:00 
#   24.31 	   33.97 	   99.5 	    6.86 	    0.485000000 	    1.9 	 -999.0 	 09 Jan 2015 01:45:00 
#   24.33 	   33.98 	   99.5 	    6.86 	    0.485000000 	    1.8 	 -999.0 	 09 Jan 2015 02:00:00 
#   24.27 	   33.84 	   99.6 	    6.88 	    0.485000000 	    1.7 	 -999.0 	 09 Jan 2015 02:15:00 
#   24.27 	   33.88 	   99.6 	    6.87 	    0.485000000 	    1.5 	 -999.0 	 09 Jan 2015 02:30:00 
#   24.33 	   29.80 	   99.8 	    7.04 	    0.000000000 	    1.4 	 -999.0 	 09 Jan 2015 02:45:00 
#   24.23 	   29.05 	   98.8 	    7.01 	    0.940000000 	    1.9 	 -999.0 	 09 Jan 2015 03:00:00 
#   24.21 	   30.63 	   98.8 	    6.96 	    0.485000000 	    2.0 	 -999.0 	 09 Jan 2015 03:15:00 
#   24.18 	   34.05 	   98.9 	    6.83 	    0.000000000 	    1.9 	 -999.0 	 09 Jan 2015 03:30:00 
#   24.24 	   34.18 	   98.6 	    6.80 	    0.485000000 	    1.9 	 -999.0 	 09 Jan 2015 03:45:00 
#   24.21 	   34.15 	   98.3 	    6.78 	    0.940000000 	    2.0 	 -999.0 	 09 Jan 2015 04:00:00 
#   24.21 	   34.15 	   98.7 	    6.81 	    0.000000000 	    1.9 	 -999.0 	 09 Jan 2015 04:15:00 
#   24.22 	   34.23 	   99.0 	    6.82 	    0.000000000 	    1.4 	 -999.0 	 09 Jan 2015 04:30:00 
#   24.24 	   34.30 	   99.0 	    6.82 	    0.485000000 	    1.4 	 -999.0 	 09 Jan 2015 04:45:00 
#   24.21 	   34.30 	   99.2 	    6.84 	    0.000000000 	    1.2 	 -999.0 	 09 Jan 2015 05:00:00 
#   24.27 	   34.28 	   99.4 	    6.85 	    0.485000000 	    1.2 	 -999.0 	 09 Jan 2015 05:15:00 
#   24.19 	   34.20 	   98.8 	    6.82 	    0.485000000 	    1.2 	 -999.0 	 09 Jan 2015 05:30:00 
#   24.16 	   34.16 	   98.8 	    6.82 	    0.000000000 	    1.2 	 -999.0 	 09 Jan 2015 05:45:00 
#   24.03 	   33.97 	   98.3 	    6.81 	    0.485000000 	    1.3 	 -999.0 	 09 Jan 2015 06:00:00 
#   23.98 	   33.88 	   98.4 	    6.83 	    0.000000000 	    1.4 	 -999.0 	 09 Jan 2015 06:15:00 
#   23.93 	   33.86 	   99.3 	    6.90 	    0.940000000 	    1.0 	 -999.0 	 09 Jan 2015 06:30:00 
#   23.76 	   33.66 	   98.9 	    6.89 	    0.940000000 	    1.7 	 -999.0 	 09 Jan 2015 06:45:00 
#   23.69 	   33.56 	   98.9 	    6.91 	    1.395000000 	    1.9 	 -999.0 	 09 Jan 2015 07:00:00 
#   23.63 	   31.21 	   98.6 	    6.99 	    0.940000000 	    1.8 	 -999.0 	 09 Jan 2015 07:15:00 
#   23.79 	   33.38 	   97.5 	    6.81 	    0.940000000 	    2.2 	 -999.0 	 09 Jan 2015 07:30:00 
#   23.90 	   33.73 	   97.1 	    6.75 	    1.395000000 	    2.0 	 -999.0 	 09 Jan 2015 07:45:00 
#   24.17 	   34.04 	   94.9 	    6.56 	    1.395000000 	    2.2 	 -999.0 	 09 Jan 2015 08:00:00 
#   24.09 	   33.96 	   95.6 	    6.62 	    1.850000000 	    2.5 	 -999.0 	 09 Jan 2015 08:15:00 
#   24.05 	   33.61 	   96.5 	    6.70 	    1.850000000 	    3.3 	 -999.0 	 09 Jan 2015 08:30:00 
#   23.23 	   32.40 	   98.7 	    7.00 	    1.850000000 	    1.7 	 -999.0 	 09 Jan 2015 08:45:00 
#   23.74 	   30.35 	   98.2 	    6.98 	    1.850000000 	    2.1 	 -999.0 	 09 Jan 2015 09:00:00 
#   23.82 	   32.87 	   98.1 	    6.87 	    0.940000000 	    2.1 	 -999.0 	 09 Jan 2015 09:15:00 
#   24.02 	   33.17 	   97.9 	    6.81 	    1.850000000 	    2.4 	 -999.0 	 09 Jan 2015 09:30:00 
#   23.52 	   32.84 	   99.1 	    6.97 	    0.940000000 	    2.0 	 -999.0 	 09 Jan 2015 09:45:00 
#   23.52 	   32.52 	   99.8 	    7.03 	    0.940000000 	    2.0 	 -999.0 	 09 Jan 2015 10:00:00 
#   23.47 	   29.38 	  101.0 	    7.25 	    0.000000000 	    1.0 	 -999.0 	 09 Jan 2015 10:15:00 
#   23.57 	   31.99 	  101.8 	    7.19 	    0.000000000 	    0.9 	 -999.0 	 09 Jan 2015 10:30:00 
#   23.53 	   28.07 	  102.3 	    7.39 	    0.000000000 	    0.9 	 -999.0 	 09 Jan 2015 10:45:00 
#   23.46 	   27.97 	  102.0 	    7.39 	    0.000000000 	    0.9 	 -999.0 	 09 Jan 2015 11:00:00 
#   23.56 	   27.90 	  101.9 	    7.37 	    0.000000000 	    0.8 	 -999.0 	 09 Jan 2015 11:15:00 
#   23.60 	   31.79 	  101.8 	    7.19 	    0.000000000 	    0.9 	 -999.0 	 09 Jan 2015 11:30:00 
#   23.59 	   31.76 	  102.5 	    7.24 	    0.000000000 	    0.8 	 -999.0 	 09 Jan 2015 11:45:00 
#   23.41 	   28.11 	  102.5 	    7.42 	    0.940000000 	    0.7 	 -999.0 	 09 Jan 2015 12:00:00 
#   23.39 	   27.99 	  102.9 	    7.46 	    0.940000000 	    1.0 	 -999.0 	 09 Jan 2015 12:15:00 
#   23.56 	   27.42 	  102.4 	    7.42 	    0.000000000 	    0.9 	 -999.0 	 09 Jan 2015 12:30:00 
#   23.47 	   30.35 	  102.4 	    7.31 	    0.000000000 	    0.8 	 -999.0 	 09 Jan 2015 12:45:00 
#   23.49 	   29.88 	  102.7 	    7.35 	    0.000000000 	    0.7 	 -999.0 	 09 Jan 2015 13:00:00 
#   23.49 	   30.81 	  103.4 	    7.37 	    0.000000000 	    0.7 	 -999.0 	 09 Jan 2015 13:15:00 
#   23.64 	   27.33 	  102.8 	    7.44 	    0.485000000 	    0.6 	 -999.0 	 09 Jan 2015 13:30:00 
#   23.82 	   26.73 	  102.1 	    7.40 	    0.940000000 	    0.7 	 -999.0 	 09 Jan 2015 13:45:00 
#   23.86 	   26.54 	  102.4 	    7.42 	    0.000000000 	    0.6 	 -999.0 	 09 Jan 2015 14:00:00 
#   23.89 	   23.43 	  101.0 	    7.45 	    0.485000000 	    0.9 	 -999.0 	 09 Jan 2015 14:15:00 
#   23.92 	   25.79 	  101.4 	    7.38 	    0.940000000 	    0.8 	 -999.0 	 09 Jan 2015 14:30:00 
#   23.89 	   26.30 	  102.1 	    7.41 	    0.485000000 	    0.7 	 -999.0 	 09 Jan 2015 14:45:00 
#   23.85 	   30.44 	  103.1 	    7.31 	    1.395000000 	    1.0 	 -999.0 	 09 Jan 2015 15:00:00 
#   23.88 	   30.24 	  102.9 	    7.30 	    2.305000000 	    0.7 	 -999.0 	 09 Jan 2015 15:15:00 
#   23.86 	   29.96 	  102.4 	    7.28 	    1.850000000 	    0.8 	 -999.0 	 09 Jan 2015 15:30:00 
#   23.86 	   29.71 	  102.1 	    7.27 	    1.850000000 	    0.8 	 -999.0 	 09 Jan 2015 15:45:00 
#   23.87 	   29.87 	  102.4 	    7.28 	    1.850000000 	    0.8 	 -999.0 	 09 Jan 2015 16:00:00 
#   23.93 	   30.18 	  102.6 	    7.27 	    2.305000000 	    0.8 	 -999.0 	 09 Jan 2015 16:15:00 
#   23.95 	   30.92 	  100.9 	    7.12 	    0.940000000 	    0.8 	 -999.0 	 09 Jan 2015 16:30:00 
#   23.94 	   30.57 	  101.9 	    7.21 	    1.395000000 	    0.7 	 -999.0 	 09 Jan 2015 16:45:00 
#   23.98 	   30.98 	  101.0 	    7.12 	    1.395000000 	    0.8 	 -999.0 	 09 Jan 2015 17:00:00 
#   24.07 	   31.56 	  101.0 	    7.09 	    0.940000000 	    0.7 	 -999.0 	 09 Jan 2015 17:15:00 
#   24.07 	   31.52 	  101.0 	    7.09 	    1.395000000 	    0.7 	 -999.0 	 09 Jan 2015 17:30:00 
#   24.06 	   31.49 	  101.1 	    7.10 	    0.940000000 	    0.9 	 -999.0 	 09 Jan 2015 17:45:00 
#   24.03 	   31.48 	  100.8 	    7.08 	    0.940000000 	    0.7 	 -999.0 	 09 Jan 2015 18:00:00 
#   24.00 	   31.28 	  100.9 	    7.10 	    1.395000000 	    0.7 	 -999.0 	 09 Jan 2015 18:15:00 
#   24.02 	   31.67 	  101.1 	    7.10 	    1.395000000 	    0.6 	 -999.0 	 09 Jan 2015 18:30:00 
#   24.03 	   31.67 	  101.2 	    7.10 	    0.940000000 	    0.7 	 -999.0 	 09 Jan 2015 18:45:00 
#   24.04 	   30.77 	  101.3 	    7.15 	    1.850000000 	    0.7 	 -999.0 	 09 Jan 2015 19:00:00 
#   23.99 	   29.27 	  100.7 	    7.17 	    0.000000000 	    0.6 	 -999.0 	 09 Jan 2015 19:15:00 
#   23.98 	   27.80 	  101.3 	    7.27 	    0.940000000 	    0.7 	 -999.0 	 09 Jan 2015 19:30:00 
#   23.95 	   29.90 	  101.4 	    7.20 	    0.940000000 	    0.5 	 -999.0 	 09 Jan 2015 19:45:00 
#   24.01 	   28.30 	  101.5 	    7.26 	    1.850000000 	    0.6 	 -999.0 	 09 Jan 2015 20:00:00 
#   24.01 	   29.88 	  101.4 	    7.19 	    1.395000000 	    0.7 	 -999.0 	 09 Jan 2015 20:15:00 
#   24.12 	   26.33 	  101.5 	    7.34 	    0.485000000 	    0.5 	 -999.0 	 09 Jan 2015 20:30:00 
#   24.48 	   24.08 	  102.0 	    7.42 	    0.940000000 	    0.7 	 -999.0 	 09 Jan 2015 20:45:00 
#   24.46 	   31.84 	  101.7 	    7.08 	    0.940000000 	    0.7 	 -999.0 	 09 Jan 2015 21:00:00 
#   24.38 	   30.76 	  102.6 	    7.20 	    0.940000000 	    0.6 	 -999.0 	 09 Jan 2015 21:15:00 
#   24.39 	   31.05 	  102.8 	    7.20 	    0.940000000 	    0.6 	 -999.0 	 09 Jan 2015 21:30:00 
#   24.19 	   30.33 	  102.7 	    7.24 	    1.850000000 	    0.7 	 -999.0 	 09 Jan 2015 21:45:00 
#   24.37 	   31.71 	  102.5 	    7.15 	    0.940000000 	    0.6 	 -999.0 	 09 Jan 2015 22:00:00 
#   24.41 	   32.46 	  103.2 	    7.16 	    1.395000000 	    0.7 	 -999.0 	 09 Jan 2015 22:15:00 
#   24.26 	   31.91 	  102.4 	    7.15 	    0.940000000 	    0.6 	 -999.0 	 09 Jan 2015 22:30:00 
#   24.08 	   31.54 	  100.8 	    7.07 	    0.485000000 	    0.6 	 -999.0 	 09 Jan 2015 22:45:00 
#   24.06 	   31.01 	  100.6 	    7.09 	    0.940000000 	    0.7 	 -999.0 	 09 Jan 2015 23:00:00 
#   23.95 	   29.21 	  100.8 	    7.18 	    0.485000000 	    0.7 	 -999.0 	 09 Jan 2015 23:15:00 
#   24.07 	   29.80 	  101.0 	    7.16 	    0.940000000 	    0.8 	 -999.0 	 09 Jan 2015 23:30:00 
#   23.67 	   29.15 	   99.1 	    7.10 	    0.485000000 	    0.9 	 -999.0 	 09 Jan 2015 23:45:00 
