#   23.42 	   24.45 	  103.8 	    7.67 	    0.485000000 	    0.5 	 -999.0 	 27 Jan 2015 00:00:00 
#   23.55 	   25.28 	  102.6 	    7.54 	    0.485000000 	    0.7 	 -999.0 	 27 Jan 2015 00:15:00 
#   23.62 	   26.38 	  104.7 	    7.63 	    1.395000000 	    0.4 	 -999.0 	 27 Jan 2015 00:30:00 
#   23.61 	   26.67 	  104.0 	    7.57 	    1.395000000 	    0.2 	 -999.0 	 27 Jan 2015 00:45:00 
#   23.55 	   26.78 	  103.8 	    7.55 	    0.940000000 	    0.2 	 -999.0 	 27 Jan 2015 01:00:00 
#   23.43 	   28.47 	  103.7 	    7.50 	    1.395000000 	    0.3 	 -999.0 	 27 Jan 2015 01:15:00 
#   23.44 	   26.27 	  103.5 	    7.57 	    1.850000000 	    0.5 	 -999.0 	 27 Jan 2015 01:30:00 
#   23.49 	   25.52 	  102.8 	    7.55 	    0.485000000 	    0.5 	 -999.0 	 27 Jan 2015 01:45:00 
#   23.30 	   25.90 	  102.6 	    7.54 	    0.485000000 	    0.3 	 -999.0 	 27 Jan 2015 02:00:00 
#   23.07 	   25.75 	  103.1 	    7.61 	    1.395000000 	    0.2 	 -999.0 	 27 Jan 2015 02:15:00 
#   23.07 	   25.93 	  104.4 	    7.70 	    3.215000000 	    0.1 	 -999.0 	 27 Jan 2015 02:30:00 
#   23.01 	   26.38 	  104.1 	    7.67 	    1.850000000 	    0.3 	 -999.0 	 27 Jan 2015 02:45:00 
#   22.89 	   24.64 	  104.0 	    7.75 	    1.850000000 	    0.2 	 -999.0 	 27 Jan 2015 03:00:00 
#   22.90 	   24.82 	  103.6 	    7.71 	    1.395000000 	    0.2 	 -999.0 	 27 Jan 2015 03:15:00 
#   23.07 	   25.26 	  103.7 	    7.68 	    0.940000000 	    0.3 	 -999.0 	 27 Jan 2015 03:30:00 
#   23.27 	   26.36 	  103.1 	    7.56 	    1.850000000 	    0.1 	 -999.0 	 27 Jan 2015 03:45:00 
#   23.66 	   27.67 	  103.7 	    7.50 	    0.485000000 	    0.1 	 -999.0 	 27 Jan 2015 04:00:00 
#   23.53 	   29.15 	  103.2 	    7.41 	    0.940000000 	    0.2 	 -999.0 	 27 Jan 2015 04:15:00 
#   23.67 	   28.63 	  103.9 	    7.47 	    0.940000000 	    0.2 	 -999.0 	 27 Jan 2015 04:30:00 
#   23.72 	   27.92 	  103.8 	    7.48 	    0.940000000 	    0.1 	 -999.0 	 27 Jan 2015 04:45:00 
#   23.85 	   27.87 	  104.3 	    7.51 	    0.000000000 	    0.1 	 -999.0 	 27 Jan 2015 05:00:00 
#   23.81 	   27.80 	  104.4 	    7.52 	    0.940000000 	    0.1 	 -999.0 	 27 Jan 2015 05:15:00 
#   23.65 	   27.97 	  103.6 	    7.48 	    1.395000000 	    0.2 	 -999.0 	 27 Jan 2015 05:30:00 
#   23.56 	   26.86 	  103.8 	    7.55 	    0.485000000 	    0.2 	 -999.0 	 27 Jan 2015 05:45:00 
#   23.10 	   24.89 	  103.3 	    7.66 	    0.940000000 	    0.2 	 -999.0 	 27 Jan 2015 06:00:00 
#   22.97 	   26.84 	  104.3 	    7.67 	    0.485000000 	    0.3 	 -999.0 	 27 Jan 2015 06:15:00 
#   22.94 	   27.68 	  103.0 	    7.54 	    0.000000000 	    0.4 	 -999.0 	 27 Jan 2015 06:30:00 
#   22.77 	   27.75 	  102.2 	    7.50 	    0.940000000 	    0.7 	 -999.0 	 27 Jan 2015 06:45:00 
#   22.91 	   28.26 	  102.3 	    7.47 	    0.000000000 	    0.5 	 -999.0 	 27 Jan 2015 07:00:00 
#   23.04 	   28.46 	  101.4 	    7.37 	    0.000000000 	    0.6 	 -999.0 	 27 Jan 2015 07:15:00 
#   22.91 	   28.60 	  101.1 	    7.36 	    0.000000000 	    0.6 	 -999.0 	 27 Jan 2015 07:30:00 
#   23.19 	   28.94 	  101.9 	    7.37 	    0.485000000 	    5.5 	 -999.0 	 27 Jan 2015 07:45:00 
#   24.31 	   33.04 	  104.2 	    7.22 	    0.000000000 	    0.0 	 -999.0 	 27 Jan 2015 08:00:00 
#   24.36 	   33.26 	  105.2 	    7.27 	    0.000000000 	    0.1 	 -999.0 	 27 Jan 2015 08:15:00 
#   23.73 	   27.92 	  104.8 	    7.56 	    0.000000000 	    0.4 	 -999.0 	 27 Jan 2015 08:30:00 
#   23.75 	   30.75 	  104.5 	    7.41 	    0.000000000 	    0.3 	 -999.0 	 27 Jan 2015 08:45:00 
#   23.57 	   30.08 	  103.9 	    7.42 	    0.000000000 	    0.3 	 -999.0 	 27 Jan 2015 09:00:00 
#   23.86 	   30.95 	  105.6 	    7.47 	    0.000000000 	    0.2 	 -999.0 	 27 Jan 2015 09:15:00 
#   23.72 	   30.52 	  104.8 	    7.44 	    0.485000000 	    0.2 	 -999.0 	 27 Jan 2015 09:30:00 
#   23.32 	   28.79 	  102.5 	    7.40 	    0.485000000 	    0.3 	 -999.0 	 27 Jan 2015 09:45:00 
#   23.54 	   27.85 	  102.5 	    7.42 	    0.940000000 	    0.3 	 -999.0 	 27 Jan 2015 10:00:00 
#   23.73 	   30.59 	  103.1 	    7.32 	    0.000000000 	    0.1 	 -999.0 	 27 Jan 2015 10:15:00 
#   23.35 	   29.45 	   99.7 	    7.17 	    0.485000000 	    0.2 	 -999.0 	 27 Jan 2015 10:30:00 
#   23.75 	   31.02 	  102.6 	    7.26 	    0.485000000 	    0.1 	 -999.0 	 27 Jan 2015 10:45:00 
#   23.76 	   30.99 	  103.1 	    7.30 	    0.000000000 	    0.1 	 -999.0 	 27 Jan 2015 11:00:00 
#   23.98 	   31.50 	  106.2 	    7.46 	    0.485000000 	    0.2 	 -999.0 	 27 Jan 2015 11:15:00 
#   23.63 	   30.37 	   99.9 	    7.11 	    0.940000000 	    0.1 	 -999.0 	 27 Jan 2015 11:30:00 
#   23.48 	   29.59 	   99.8 	    7.16 	    0.485000000 	    0.1 	 -999.0 	 27 Jan 2015 11:45:00 
#   23.67 	   30.35 	  100.3 	    7.14 	    0.485000000 	    0.2 	 -999.0 	 27 Jan 2015 12:00:00 
#   23.48 	   29.37 	   98.5 	    7.07 	    0.000000000 	    0.2 	 -999.0 	 27 Jan 2015 12:15:00 
#   23.47 	   27.59 	   99.3 	    7.21 	    0.000000000 	    0.0 	 -999.0 	 27 Jan 2015 12:30:00 
#   23.49 	   29.20 	  100.0 	    7.19 	    0.000000000 	    0.2 	 -999.0 	 27 Jan 2015 12:45:00 
#   23.54 	   28.97 	  101.0 	    7.26 	    0.485000000 	    0.2 	 -999.0 	 27 Jan 2015 13:00:00 
#   23.53 	   28.94 	  101.7 	    7.31 	    1.395000000 	    0.2 	 -999.0 	 27 Jan 2015 13:15:00 
#   23.63 	   27.39 	  103.2 	    7.48 	    0.940000000 	    0.6 	 -999.0 	 27 Jan 2015 13:30:00 
#   23.50 	   26.08 	  104.3 	    7.63 	    0.485000000 	    0.7 	 -999.0 	 27 Jan 2015 13:45:00 
#   23.41 	   27.42 	  104.4 	    7.59 	    0.940000000 	    0.5 	 -999.0 	 27 Jan 2015 14:00:00 
#   23.12 	   26.46 	  104.4 	    7.67 	    1.395000000 	    0.3 	 -999.0 	 27 Jan 2015 14:15:00 
#   23.37 	   26.84 	  104.3 	    7.61 	    0.940000000 	    0.5 	 -999.0 	 27 Jan 2015 14:30:00 
#   23.15 	   26.69 	  104.5 	    7.66 	    1.395000000 	    0.3 	 -999.0 	 27 Jan 2015 14:45:00 
#   23.28 	   27.22 	  104.6 	    7.63 	    1.850000000 	    0.5 	 -999.0 	 27 Jan 2015 15:00:00 
#   23.27 	   27.39 	  105.1 	    7.66 	    1.850000000 	    0.3 	 -999.0 	 27 Jan 2015 15:15:00 
#   23.28 	   27.39 	  104.4 	    7.61 	    1.850000000 	    0.3 	 -999.0 	 27 Jan 2015 15:30:00 
#   23.34 	   26.35 	  104.7 	    7.67 	    2.305000000 	    0.3 	 -999.0 	 27 Jan 2015 15:45:00 
#   23.28 	   27.45 	  105.1 	    7.66 	    2.305000000 	    0.3 	 -999.0 	 27 Jan 2015 16:00:00 
#   23.32 	   27.05 	  105.1 	    7.67 	    2.760000000 	    0.3 	 -999.0 	 27 Jan 2015 16:15:00 
#   23.24 	   26.75 	  105.1 	    7.69 	    2.760000000 	    0.4 	 -999.0 	 27 Jan 2015 16:30:00 
#   23.30 	   26.59 	  104.2 	    7.62 	    3.215000000 	    0.4 	 -999.0 	 27 Jan 2015 16:45:00 
#   23.22 	   26.23 	  104.5 	    7.68 	    3.670000000 	    0.4 	 -999.0 	 27 Jan 2015 17:00:00 
#   23.35 	   24.68 	  105.6 	    7.81 	    2.760000000 	    0.3 	 -999.0 	 27 Jan 2015 17:15:00 
#   23.24 	   26.34 	  105.4 	    7.74 	    2.760000000 	    0.4 	 -999.0 	 27 Jan 2015 17:30:00 
#   23.45 	   27.03 	  105.3 	    7.67 	    3.215000000 	    0.4 	 -999.0 	 27 Jan 2015 17:45:00 
#   23.54 	   27.28 	  105.2 	    7.64 	    2.305000000 	    0.5 	 -999.0 	 27 Jan 2015 18:00:00 
#   23.59 	   24.39 	  105.7 	    7.80 	    3.215000000 	    0.4 	 -999.0 	 27 Jan 2015 18:15:00 
#   23.93 	   30.21 	  106.6 	    7.56 	    3.215000000 	    0.4 	 -999.0 	 27 Jan 2015 18:30:00 
#   23.82 	   29.14 	  106.9 	    7.64 	    3.215000000 	    0.3 	 -999.0 	 27 Jan 2015 18:45:00 
#   24.19 	   31.49 	  107.0 	    7.49 	    3.215000000 	    0.2 	 -999.0 	 27 Jan 2015 19:00:00 
#   24.52 	   33.39 	  106.3 	    7.33 	    1.395000000 	    0.2 	 -999.0 	 27 Jan 2015 19:15:00 
#   24.62 	   31.25 	  103.9 	    7.23 	    1.850000000 	    0.0 	 -999.0 	 27 Jan 2015 19:30:00 
#   24.27 	   32.44 	  106.1 	    7.38 	    2.305000000 	    0.1 	 -999.0 	 27 Jan 2015 19:45:00 
#   24.37 	   32.91 	  102.9 	    7.13 	    0.940000000 	    0.0 	 -999.0 	 27 Jan 2015 20:00:00 
#   24.17 	   29.00 	  103.1 	    7.33 	    0.940000000 	    0.0 	 -999.0 	 27 Jan 2015 20:15:00 
#   23.98 	   30.92 	  103.8 	    7.32 	    1.850000000 	    0.1 	 -999.0 	 27 Jan 2015 20:30:00 
#   24.10 	   24.96 	  102.1 	    7.44 	    1.395000000 	    0.1 	 -999.0 	 27 Jan 2015 20:45:00 
#   24.09 	   26.47 	  103.0 	    7.44 	    1.850000000 	    0.2 	 -999.0 	 27 Jan 2015 21:00:00 
#   24.14 	   27.99 	  102.8 	    7.35 	    0.940000000 	    0.1 	 -999.0 	 27 Jan 2015 21:15:00 
#   24.13 	   28.81 	  102.1 	    7.27 	    0.940000000 	    0.0 	 -999.0 	 27 Jan 2015 21:30:00 
#   24.10 	   27.57 	  102.0 	    7.32 	    1.395000000 	    0.0 	 -999.0 	 27 Jan 2015 21:45:00 
#   23.99 	   25.75 	  102.2 	    7.43 	    0.940000000 	    0.1 	 -999.0 	 27 Jan 2015 22:00:00 
#   23.83 	   24.66 	  101.0 	    7.41 	    0.485000000 	    0.3 	 -999.0 	 27 Jan 2015 22:15:00 
#   23.83 	   31.21 	  100.7 	    7.11 	    0.940000000 	    0.2 	 -999.0 	 27 Jan 2015 22:30:00 
#   23.92 	   30.44 	  101.7 	    7.20 	    0.940000000 	    0.1 	 -999.0 	 27 Jan 2015 22:45:00 
#   23.82 	   31.32 	  101.3 	    7.15 	    0.940000000 	    0.0 	 -999.0 	 27 Jan 2015 23:00:00 
#   23.97 	   31.86 	  101.5 	    7.12 	    0.485000000 	    0.2 	 -999.0 	 27 Jan 2015 23:15:00 
#   24.15 	   32.50 	  102.1 	    7.12 	    0.485000000 	    0.1 	 -999.0 	 27 Jan 2015 23:30:00 
#   24.09 	   32.35 	  102.4 	    7.15 	    1.395000000 	    0.2 	 -999.0 	 27 Jan 2015 23:45:00 
