#   23.52 	   26.48 	  109.2 	    7.97 	    1.850000000 	    1.1 	 -999.0 	 08 Jan 2015 00:00:00 
#   23.23 	   26.31 	  107.9 	    7.92 	    2.760000000 	    1.1 	 -999.0 	 08 Jan 2015 00:15:00 
#   23.06 	   26.31 	  107.7 	    7.93 	    2.760000000 	    1.1 	 -999.0 	 08 Jan 2015 00:30:00 
#   22.95 	   26.55 	  107.1 	    7.89 	    2.305000000 	    1.1 	 -999.0 	 08 Jan 2015 00:45:00 
#   22.83 	   25.22 	  106.7 	    7.94 	    2.305000000 	    1.0 	 -999.0 	 08 Jan 2015 01:00:00 
#   22.87 	   25.11 	  105.9 	    7.88 	    2.305000000 	    0.8 	 -999.0 	 08 Jan 2015 01:15:00 
#   22.80 	   25.52 	  105.5 	    7.84 	    2.305000000 	    0.9 	 -999.0 	 08 Jan 2015 01:30:00 
#   22.91 	   28.21 	  105.3 	    7.69 	    1.850000000 	    0.8 	 -999.0 	 08 Jan 2015 01:45:00 
#   22.88 	   24.71 	  104.7 	    7.80 	    1.850000000 	    0.5 	 -999.0 	 08 Jan 2015 02:00:00 
#   22.99 	   25.82 	  105.1 	    7.77 	    0.940000000 	    0.7 	 -999.0 	 08 Jan 2015 02:15:00 
#   23.05 	   27.23 	  105.2 	    7.71 	    1.395000000 	    0.5 	 -999.0 	 08 Jan 2015 02:30:00 
#   22.85 	   25.85 	  105.5 	    7.82 	    2.305000000 	    0.7 	 -999.0 	 08 Jan 2015 02:45:00 
#   22.98 	   25.10 	  105.0 	    7.80 	    0.940000000 	    0.7 	 -999.0 	 08 Jan 2015 03:00:00 
#   22.98 	   28.17 	  104.6 	    7.63 	    1.395000000 	    0.6 	 -999.0 	 08 Jan 2015 03:15:00 
#   23.16 	   25.85 	  104.3 	    7.69 	    0.485000000 	    0.7 	 -999.0 	 08 Jan 2015 03:30:00 
#   23.14 	   28.43 	  103.8 	    7.54 	    1.395000000 	    0.8 	 -999.0 	 08 Jan 2015 03:45:00 
#   23.24 	   28.68 	  103.9 	    7.53 	    1.395000000 	    0.9 	 -999.0 	 08 Jan 2015 04:00:00 
#   23.27 	   28.48 	  103.5 	    7.50 	    0.485000000 	    1.1 	 -999.0 	 08 Jan 2015 04:15:00 
#   23.26 	   27.14 	  103.6 	    7.57 	    0.940000000 	    1.1 	 -999.0 	 08 Jan 2015 04:30:00 
#   23.29 	   26.19 	  103.0 	    7.56 	    0.940000000 	    0.7 	 -999.0 	 08 Jan 2015 04:45:00 
#   23.59 	   31.02 	  104.0 	    7.38 	    0.485000000 	    0.8 	 -999.0 	 08 Jan 2015 05:00:00 
#   23.72 	   26.63 	  103.3 	    7.51 	    0.485000000 	    0.7 	 -999.0 	 08 Jan 2015 05:15:00 
#   23.66 	   29.93 	  101.4 	    7.23 	    0.940000000 	    0.7 	 -999.0 	 08 Jan 2015 05:30:00 
#   23.77 	   26.25 	  104.8 	    7.62 	    0.940000000 	    0.7 	 -999.0 	 08 Jan 2015 05:45:00 
#   23.48 	   27.83 	  104.8 	    7.59 	    0.485000000 	    0.8 	 -999.0 	 08 Jan 2015 06:00:00 
#   23.40 	   30.25 	  107.6 	    7.70 	    1.850000000 	    1.2 	 -999.0 	 08 Jan 2015 06:15:00 
#   23.53 	   30.74 	  106.5 	    7.58 	    1.850000000 	    1.1 	 -999.0 	 08 Jan 2015 06:30:00 
#   23.68 	   31.14 	  106.9 	    7.58 	    2.305000000 	    0.9 	 -999.0 	 08 Jan 2015 06:45:00 
#   23.82 	   31.62 	  108.1 	    7.62 	    1.395000000 	    1.0 	 -999.0 	 08 Jan 2015 07:00:00 
#   23.83 	   31.68 	  107.4 	    7.57 	    1.850000000 	    0.9 	 -999.0 	 08 Jan 2015 07:15:00 
#   23.65 	   30.58 	  108.4 	    7.70 	    1.395000000 	    1.0 	 -999.0 	 08 Jan 2015 07:30:00 
#   23.98 	   32.30 	  108.5 	    7.59 	    1.395000000 	    0.9 	 -999.0 	 08 Jan 2015 07:45:00 
#   23.67 	   31.40 	  106.4 	    7.53 	    1.850000000 	    0.9 	 -999.0 	 08 Jan 2015 08:00:00 
#   23.56 	   31.36 	  104.3 	    7.39 	    1.395000000 	    1.0 	 -999.0 	 08 Jan 2015 08:15:00 
#   23.57 	   31.66 	  105.1 	    7.43 	    0.940000000 	    0.9 	 -999.0 	 08 Jan 2015 08:30:00 
#   23.55 	   31.43 	  104.9 	    7.43 	    1.850000000 	    1.1 	 -999.0 	 08 Jan 2015 08:45:00 
#   23.74 	   32.16 	  106.7 	    7.50 	    1.850000000 	    0.8 	 -999.0 	 08 Jan 2015 09:00:00 
#   23.60 	   31.79 	  105.7 	    7.47 	    2.305000000 	    1.0 	 -999.0 	 08 Jan 2015 09:15:00 
#   23.47 	   31.43 	  105.8 	    7.51 	    1.395000000 	    1.1 	 -999.0 	 08 Jan 2015 09:30:00 
#   23.53 	   31.84 	  106.2 	    7.51 	    0.940000000 	    0.9 	 -999.0 	 08 Jan 2015 09:45:00 
#   23.57 	   31.97 	  106.1 	    7.50 	    1.395000000 	    1.0 	 -999.0 	 08 Jan 2015 10:00:00 
#   23.55 	   31.89 	  104.8 	    7.41 	    1.850000000 	    1.1 	 -999.0 	 08 Jan 2015 10:15:00 
#   23.64 	   31.98 	  105.1 	    7.41 	    0.940000000 	    1.2 	 -999.0 	 08 Jan 2015 10:30:00 
#   23.76 	   32.07 	  105.6 	    7.43 	    0.940000000 	    1.5 	 -999.0 	 08 Jan 2015 10:45:00 
#   23.92 	   32.33 	  106.2 	    7.44 	    1.850000000 	    1.4 	 -999.0 	 08 Jan 2015 11:00:00 
#   23.83 	   32.07 	  106.1 	    7.45 	    0.940000000 	    1.5 	 -999.0 	 08 Jan 2015 11:15:00 
#   23.89 	   31.96 	  106.1 	    7.45 	    0.000000000 	    1.2 	 -999.0 	 08 Jan 2015 11:30:00 
#   23.83 	   31.76 	  105.7 	    7.44 	    0.000000000 	    1.3 	 -999.0 	 08 Jan 2015 11:45:00 
#   23.83 	   31.78 	  106.4 	    7.49 	    0.940000000 	    1.1 	 -999.0 	 08 Jan 2015 12:00:00 
#   23.90 	   31.85 	  106.7 	    7.50 	    1.850000000 	    1.4 	 -999.0 	 08 Jan 2015 12:15:00 
#   23.91 	   31.82 	  107.2 	    7.54 	    1.850000000 	    1.3 	 -999.0 	 08 Jan 2015 12:30:00 
#   23.89 	   29.14 	  106.6 	    7.61 	    0.940000000 	    1.0 	 -999.0 	 08 Jan 2015 12:45:00 
#   23.84 	   31.75 	  106.5 	    7.49 	    0.485000000 	    1.0 	 -999.0 	 08 Jan 2015 13:00:00 
#   23.98 	   31.64 	  108.0 	    7.59 	    1.395000000 	    1.3 	 -999.0 	 08 Jan 2015 13:15:00 
#   23.67 	   31.59 	  103.8 	    7.34 	    0.940000000 	    0.8 	 -999.0 	 08 Jan 2015 13:30:00 
#   23.79 	   31.43 	  105.3 	    7.43 	    1.850000000 	    1.1 	 -999.0 	 08 Jan 2015 13:45:00 
#   23.80 	   31.39 	  105.8 	    7.47 	    1.395000000 	    0.9 	 -999.0 	 08 Jan 2015 14:00:00 
#   23.81 	   31.09 	  106.0 	    7.49 	    0.940000000 	    1.0 	 -999.0 	 08 Jan 2015 14:15:00 
#   23.84 	   28.43 	  102.5 	    7.36 	    0.940000000 	    1.3 	 -999.0 	 08 Jan 2015 14:30:00 
#   23.81 	   30.12 	  103.2 	    7.33 	    0.940000000 	    1.1 	 -999.0 	 08 Jan 2015 14:45:00 
#   23.78 	   30.14 	  102.9 	    7.32 	    0.000000000 	    1.1 	 -999.0 	 08 Jan 2015 15:00:00 
#   23.83 	   29.68 	  104.2 	    7.43 	    2.305000000 	    1.1 	 -999.0 	 08 Jan 2015 15:15:00 
#   23.91 	   29.56 	  105.9 	    7.54 	    2.305000000 	    1.1 	 -999.0 	 08 Jan 2015 15:30:00 
#   23.98 	   28.29 	  106.2 	    7.61 	    2.305000000 	    1.0 	 -999.0 	 08 Jan 2015 15:45:00 
#   24.09 	   30.26 	  106.1 	    7.50 	    1.850000000 	    0.9 	 -999.0 	 08 Jan 2015 16:00:00 
#   24.07 	   30.19 	  106.9 	    7.56 	    1.395000000 	    0.9 	 -999.0 	 08 Jan 2015 16:15:00 
#   23.91 	   29.87 	  107.1 	    7.61 	    1.850000000 	    0.9 	 -999.0 	 08 Jan 2015 16:30:00 
#   23.88 	   27.53 	  105.7 	    7.62 	    1.395000000 	    0.9 	 -999.0 	 08 Jan 2015 16:45:00 
#   23.85 	   28.38 	  105.5 	    7.57 	    1.850000000 	    0.9 	 -999.0 	 08 Jan 2015 17:00:00 
#   23.86 	   29.89 	  105.4 	    7.50 	    2.305000000 	    1.1 	 -999.0 	 08 Jan 2015 17:15:00 
#   23.80 	   29.63 	  105.1 	    7.50 	    1.395000000 	    0.9 	 -999.0 	 08 Jan 2015 17:30:00 
#   23.92 	   29.93 	  105.4 	    7.48 	    1.850000000 	    1.1 	 -999.0 	 08 Jan 2015 17:45:00 
#   24.01 	   30.14 	  106.0 	    7.51 	    1.395000000 	    1.1 	 -999.0 	 08 Jan 2015 18:00:00 
#   24.13 	   30.41 	  106.0 	    7.48 	    2.305000000 	    1.1 	 -999.0 	 08 Jan 2015 18:15:00 
#   24.60 	   31.78 	  106.4 	    7.39 	    2.305000000 	    2.1 	 -999.0 	 08 Jan 2015 18:30:00 
#   24.58 	   31.92 	  106.4 	    7.39 	    2.305000000 	    1.3 	 -999.0 	 08 Jan 2015 18:45:00 
#   24.50 	   32.16 	  107.3 	    7.45 	    2.305000000 	    1.1 	 -999.0 	 08 Jan 2015 19:00:00 
#   24.48 	   31.55 	  105.9 	    7.38 	    2.305000000 	    1.1 	 -999.0 	 08 Jan 2015 19:15:00 
#   24.48 	   32.52 	  104.2 	    7.22 	    1.395000000 	    0.7 	 -999.0 	 08 Jan 2015 19:30:00 
#   24.45 	   31.85 	  105.6 	    7.35 	    2.760000000 	    0.9 	 -999.0 	 08 Jan 2015 19:45:00 
#   24.34 	   29.73 	  105.8 	    7.47 	    2.305000000 	    0.7 	 -999.0 	 08 Jan 2015 20:00:00 
#   24.34 	   30.44 	  105.8 	    7.43 	    1.395000000 	    0.8 	 -999.0 	 08 Jan 2015 20:15:00 
#   24.49 	   28.60 	  106.9 	    7.58 	    0.940000000 	    0.9 	 -999.0 	 08 Jan 2015 20:30:00 
#   24.45 	   29.02 	  106.5 	    7.53 	    1.395000000 	    0.8 	 -999.0 	 08 Jan 2015 20:45:00 
#   24.35 	   28.47 	  104.6 	    7.44 	    0.940000000 	    1.1 	 -999.0 	 08 Jan 2015 21:00:00 
#   24.24 	   27.89 	  103.1 	    7.37 	    1.395000000 	    1.4 	 -999.0 	 08 Jan 2015 21:15:00 
#   24.19 	   27.72 	  101.5 	    7.27 	    1.395000000 	    1.7 	 -999.0 	 08 Jan 2015 21:30:00 
#   24.12 	   27.90 	  101.3 	    7.25 	    1.395000000 	    1.9 	 -999.0 	 08 Jan 2015 21:45:00 
#   24.23 	   28.53 	  101.8 	    7.25 	    0.940000000 	    1.7 	 -999.0 	 08 Jan 2015 22:00:00 
#   24.10 	   27.74 	  100.3 	    7.19 	    1.395000000 	    2.0 	 -999.0 	 08 Jan 2015 22:15:00 
#   24.12 	   29.41 	  100.2 	    7.11 	    0.940000000 	    2.0 	 -999.0 	 08 Jan 2015 22:30:00 
#   24.19 	   32.27 	  100.8 	    7.03 	    0.940000000 	    1.9 	 -999.0 	 08 Jan 2015 22:45:00 
#   24.22 	   32.94 	  100.6 	    6.98 	    0.940000000 	    1.8 	 -999.0 	 08 Jan 2015 23:00:00 
#   24.26 	   33.06 	  100.5 	    6.97 	    0.485000000 	    1.9 	 -999.0 	 08 Jan 2015 23:15:00 
#   24.21 	   33.25 	  100.0 	    6.93 	    0.485000000 	    1.7 	 -999.0 	 08 Jan 2015 23:30:00 
#   24.28 	   33.53 	   99.7 	    6.90 	    0.000000000 	    1.7 	 -999.0 	 08 Jan 2015 23:45:00 
