#   23.93 	   29.52 	  101.9 	    7.25 	    0.940000000 	    0.3 	 -999.0 	 11 Jan 2015 00:00:00 
#   24.01 	   29.62 	  102.0 	    7.25 	    1.395000000 	    0.4 	 -999.0 	 11 Jan 2015 00:15:00 
#   24.22 	   30.50 	  106.5 	    7.50 	    1.850000000 	    0.6 	 -999.0 	 11 Jan 2015 00:30:00 
#   24.33 	   30.84 	  109.0 	    7.65 	    2.305000000 	    0.8 	 -999.0 	 11 Jan 2015 00:45:00 
#   24.28 	   30.63 	  108.6 	    7.63 	    2.305000000 	    0.7 	 -999.0 	 11 Jan 2015 01:00:00 
#   24.58 	   32.11 	  106.0 	    7.35 	    2.305000000 	    0.6 	 -999.0 	 11 Jan 2015 01:15:00 
#   24.65 	   32.21 	  106.2 	    7.35 	    1.850000000 	    0.6 	 -999.0 	 11 Jan 2015 01:30:00 
#   24.30 	   31.08 	  106.2 	    7.44 	    1.850000000 	    0.7 	 -999.0 	 11 Jan 2015 01:45:00 
#   24.53 	   31.62 	  107.2 	    7.46 	    1.850000000 	    0.8 	 -999.0 	 11 Jan 2015 02:00:00 
#   24.52 	   31.38 	  105.7 	    7.37 	    2.305000000 	    0.8 	 -999.0 	 11 Jan 2015 02:15:00 
#   24.46 	   31.06 	  105.3 	    7.36 	    2.305000000 	    0.5 	 -999.0 	 11 Jan 2015 02:30:00 
#   24.42 	   30.76 	  103.4 	    7.25 	    1.395000000 	    0.4 	 -999.0 	 11 Jan 2015 02:45:00 
#   24.40 	   30.62 	  103.0 	    7.23 	    1.850000000 	    0.4 	 -999.0 	 11 Jan 2015 03:00:00 
#   24.25 	   30.14 	  102.5 	    7.23 	    1.850000000 	    0.4 	 -999.0 	 11 Jan 2015 03:15:00 
#   24.48 	   30.74 	  104.4 	    7.31 	    1.850000000 	    0.5 	 -999.0 	 11 Jan 2015 03:30:00 
#   24.47 	   30.74 	  104.2 	    7.30 	    2.305000000 	    0.6 	 -999.0 	 11 Jan 2015 03:45:00 
#   24.77 	   32.64 	  103.7 	    7.15 	    1.395000000 	    0.4 	 -999.0 	 11 Jan 2015 04:00:00 
#   24.78 	   33.03 	  104.1 	    7.16 	    0.940000000 	    0.7 	 -999.0 	 11 Jan 2015 04:15:00 
#   24.64 	   30.45 	  104.0 	    7.27 	    1.395000000 	    0.6 	 -999.0 	 11 Jan 2015 04:30:00 
#   24.59 	   30.05 	  103.8 	    7.28 	    2.760000000 	    0.6 	 -999.0 	 11 Jan 2015 04:45:00 
#   24.56 	   30.14 	  103.6 	    7.27 	    1.850000000 	    0.6 	 -999.0 	 11 Jan 2015 05:00:00 
#   24.49 	   29.27 	  102.0 	    7.20 	    1.395000000 	    0.4 	 -999.0 	 11 Jan 2015 05:15:00 
#   24.43 	   27.72 	  101.2 	    7.22 	    0.940000000 	    0.4 	 -999.0 	 11 Jan 2015 05:30:00 
#   24.57 	   28.26 	  103.2 	    7.32 	    0.940000000 	    0.4 	 -999.0 	 11 Jan 2015 05:45:00 
#   24.65 	   27.43 	  104.1 	    7.41 	    1.395000000 	    0.2 	 -999.0 	 11 Jan 2015 06:00:00 
#   24.53 	   32.05 	  103.1 	    7.15 	    0.940000000 	    0.4 	 -999.0 	 11 Jan 2015 06:15:00 
#   24.69 	   32.44 	  102.0 	    7.04 	    0.000000000 	    0.2 	 -999.0 	 11 Jan 2015 06:30:00 
#   24.61 	   32.01 	  100.2 	    6.95 	    0.485000000 	    0.2 	 -999.0 	 11 Jan 2015 06:45:00 
#   24.63 	   32.34 	  101.1 	    7.00 	    0.000000000 	    0.3 	 -999.0 	 11 Jan 2015 07:00:00 
#   24.66 	   32.81 	  102.5 	    7.07 	    0.485000000 	    0.2 	 -999.0 	 11 Jan 2015 07:15:00 
#   24.64 	   32.78 	  101.9 	    7.03 	    0.485000000 	    0.3 	 -999.0 	 11 Jan 2015 07:30:00 
#   24.76 	   33.52 	  102.7 	    7.04 	    1.395000000 	    0.3 	 -999.0 	 11 Jan 2015 07:45:00 
#   24.54 	   32.51 	  103.1 	    7.14 	    1.850000000 	    0.2 	 -999.0 	 11 Jan 2015 08:00:00 
#   24.24 	   32.32 	  101.5 	    7.07 	    0.000000000 	    0.4 	 -999.0 	 11 Jan 2015 08:15:00 
#   24.47 	   32.77 	  101.2 	    7.01 	    0.940000000 	    0.3 	 -999.0 	 11 Jan 2015 08:30:00 
#   24.64 	   33.28 	  103.4 	    7.12 	    0.940000000 	    0.3 	 -999.0 	 11 Jan 2015 08:45:00 
#   24.53 	   32.79 	  101.8 	    7.04 	    0.940000000 	    0.2 	 -999.0 	 11 Jan 2015 09:00:00 
#   24.90 	   34.13 	  100.7 	    6.87 	    0.000000000 	    0.3 	 -999.0 	 11 Jan 2015 09:15:00 
#   24.93 	   33.22 	   99.6 	    6.83 	    0.940000000 	    0.2 	 -999.0 	 11 Jan 2015 09:30:00 
#   24.89 	   31.58 	  101.4 	    7.02 	    0.000000000 	    0.3 	 -999.0 	 11 Jan 2015 09:45:00 
#   23.92 	   32.26 	  100.2 	    7.02 	    0.000000000 	    0.2 	 -999.0 	 11 Jan 2015 10:00:00 
#   24.19 	   32.54 	   96.5 	    6.72 	    0.000000000 	    0.1 	 -999.0 	 11 Jan 2015 10:15:00 
#   24.45 	   32.89 	   99.7 	    6.90 	    0.485000000 	    0.3 	 -999.0 	 11 Jan 2015 10:30:00 
#   24.43 	   32.84 	  100.2 	    6.94 	    0.485000000 	    0.4 	 -999.0 	 11 Jan 2015 10:45:00 
#   24.66 	   33.31 	  103.3 	    7.11 	    0.485000000 	    0.4 	 -999.0 	 11 Jan 2015 11:00:00 
#   24.62 	   32.90 	  103.0 	    7.11 	    0.485000000 	    0.3 	 -999.0 	 11 Jan 2015 11:15:00 
#   24.71 	   32.96 	  103.2 	    7.11 	    0.000000000 	    0.4 	 -999.0 	 11 Jan 2015 11:30:00 
#   24.40 	   31.17 	  102.1 	    7.14 	    0.000000000 	    0.5 	 -999.0 	 11 Jan 2015 11:45:00 
#   24.43 	   31.70 	   99.0 	    6.90 	    0.000000000 	    0.4 	 -999.0 	 11 Jan 2015 12:00:00 
#   24.25 	   30.89 	  100.1 	    7.03 	    0.485000000 	    0.4 	 -999.0 	 11 Jan 2015 12:15:00 
#   24.10 	   30.38 	  100.7 	    7.11 	    0.485000000 	    0.6 	 -999.0 	 11 Jan 2015 12:30:00 
#   24.04 	   27.37 	  100.7 	    7.24 	    0.485000000 	    0.2 	 -999.0 	 11 Jan 2015 12:45:00 
#   24.06 	   28.40 	  100.9 	    7.21 	    0.000000000 	    0.2 	 -999.0 	 11 Jan 2015 13:00:00 
#   24.04 	   28.46 	  100.2 	    7.16 	    0.485000000 	    0.3 	 -999.0 	 11 Jan 2015 13:15:00 
#   23.98 	   27.91 	  100.7 	    7.23 	    0.940000000 	    0.2 	 -999.0 	 11 Jan 2015 13:30:00 
#   24.01 	   30.23 	  101.3 	    7.17 	    0.940000000 	    0.2 	 -999.0 	 11 Jan 2015 13:45:00 
#   23.99 	   29.65 	  101.9 	    7.24 	    0.485000000 	    0.2 	 -999.0 	 11 Jan 2015 14:00:00 
#   23.91 	   29.83 	  102.2 	    7.26 	    0.940000000 	    0.1 	 -999.0 	 11 Jan 2015 14:15:00 
#   23.92 	   29.76 	  102.6 	    7.29 	    0.940000000 	    0.2 	 -999.0 	 11 Jan 2015 14:30:00 
#   24.24 	   28.59 	  103.4 	    7.36 	    3.215000000 	    0.7 	 -999.0 	 11 Jan 2015 14:45:00 
#   24.17 	   28.60 	  102.9 	    7.33 	    2.760000000 	    0.4 	 -999.0 	 11 Jan 2015 15:00:00 
#   24.11 	   28.90 	  103.6 	    7.38 	    2.305000000 	    0.5 	 -999.0 	 11 Jan 2015 15:15:00 
#   24.11 	   28.96 	  104.3 	    7.42 	    3.215000000 	    0.6 	 -999.0 	 11 Jan 2015 15:30:00 
#   24.10 	   29.07 	  104.6 	    7.44 	    2.760000000 	    0.6 	 -999.0 	 11 Jan 2015 15:45:00 
#   24.13 	   29.07 	  104.3 	    7.42 	    3.670000000 	    0.5 	 -999.0 	 11 Jan 2015 16:00:00 
#   24.07 	   29.23 	  104.5 	    7.44 	    4.125000000 	    0.5 	 -999.0 	 11 Jan 2015 16:15:00 
#   24.13 	   29.23 	  104.6 	    7.43 	    3.670000000 	    0.6 	 -999.0 	 11 Jan 2015 16:30:00 
#   24.21 	   29.13 	  104.9 	    7.45 	    4.125000000 	    0.6 	 -999.0 	 11 Jan 2015 16:45:00 
#   24.21 	   28.51 	  105.3 	    7.50 	    4.125000000 	    0.6 	 -999.0 	 11 Jan 2015 17:00:00 
#   24.26 	   29.13 	  105.5 	    7.48 	    4.125000000 	    0.7 	 -999.0 	 11 Jan 2015 17:15:00 
#   24.30 	   28.95 	  105.0 	    7.45 	    3.215000000 	    0.7 	 -999.0 	 11 Jan 2015 17:30:00 
#   24.12 	   26.02 	  104.8 	    7.58 	    3.670000000 	    0.5 	 -999.0 	 11 Jan 2015 17:45:00 
#   24.03 	   28.52 	  104.8 	    7.49 	    4.125000000 	    0.4 	 -999.0 	 11 Jan 2015 18:00:00 
#   24.03 	   29.00 	  104.4 	    7.44 	    3.215000000 	    0.5 	 -999.0 	 11 Jan 2015 18:15:00 
#   24.15 	   27.95 	  104.8 	    7.50 	    3.670000000 	    0.5 	 -999.0 	 11 Jan 2015 18:30:00 
#   24.25 	   30.10 	  105.3 	    7.43 	    4.125000000 	    0.4 	 -999.0 	 11 Jan 2015 18:45:00 
#   24.18 	   29.90 	  105.1 	    7.43 	    3.670000000 	    0.4 	 -999.0 	 11 Jan 2015 19:00:00 
#   24.21 	   30.08 	  105.5 	    7.45 	    4.125000000 	    0.3 	 -999.0 	 11 Jan 2015 19:15:00 
#   24.15 	   29.68 	  104.3 	    7.38 	    3.670000000 	    0.4 	 -999.0 	 11 Jan 2015 19:30:00 
#   24.52 	   30.87 	  106.3 	    7.43 	    3.215000000 	    0.4 	 -999.0 	 11 Jan 2015 19:45:00 
#   24.69 	   30.63 	  107.6 	    7.51 	    3.215000000 	    0.3 	 -999.0 	 11 Jan 2015 20:00:00 
#   24.70 	   30.48 	  107.7 	    7.52 	    3.670000000 	    0.3 	 -999.0 	 11 Jan 2015 20:15:00 
#   24.80 	   31.88 	  104.6 	    7.24 	    2.305000000 	    0.2 	 -999.0 	 11 Jan 2015 20:30:00 
#   24.80 	   30.89 	  105.6 	    7.35 	    3.215000000 	    0.3 	 -999.0 	 11 Jan 2015 20:45:00 
#   24.74 	   31.21 	  104.0 	    7.23 	    3.215000000 	    0.2 	 -999.0 	 11 Jan 2015 21:00:00 
#   24.67 	   30.64 	  103.9 	    7.26 	    2.305000000 	    0.2 	 -999.0 	 11 Jan 2015 21:15:00 
#   24.64 	   30.25 	  104.8 	    7.34 	    3.215000000 	    0.3 	 -999.0 	 11 Jan 2015 21:30:00 
#   24.56 	   29.48 	  104.1 	    7.33 	    3.215000000 	    0.4 	 -999.0 	 11 Jan 2015 21:45:00 
#   24.66 	   29.97 	  100.6 	    7.06 	    2.305000000 	    0.3 	 -999.0 	 11 Jan 2015 22:00:00 
#   24.62 	   29.45 	  100.7 	    7.08 	    1.850000000 	    0.2 	 -999.0 	 11 Jan 2015 22:15:00 
#   24.67 	   30.14 	  100.0 	    7.01 	    2.305000000 	    0.3 	 -999.0 	 11 Jan 2015 22:30:00 
#   24.72 	   30.32 	   99.9 	    6.98 	    1.395000000 	    0.1 	 -999.0 	 11 Jan 2015 22:45:00 
#   24.71 	   31.50 	   99.9 	    6.93 	    0.485000000 	    0.2 	 -999.0 	 11 Jan 2015 23:00:00 
#   24.73 	   32.34 	  100.5 	    6.94 	    0.940000000 	    0.0 	 -999.0 	 11 Jan 2015 23:15:00 
#   24.67 	   30.48 	  102.0 	    7.13 	    0.940000000 	    0.1 	 -999.0 	 11 Jan 2015 23:30:00 
#   24.72 	   31.76 	  101.6 	    7.04 	    0.000000000 	    0.2 	 -999.0 	 11 Jan 2015 23:45:00 
