#   24.86 	   32.04 	   99.9 	    6.90 	    0.000000000 	    0.6 	 -999.0 	 03 Jan 2015 00:00:00 
#   24.94 	   31.54 	   99.0 	    6.85 	    0.485000000 	    0.5 	 -999.0 	 03 Jan 2015 00:15:00 
#   24.91 	   31.97 	   97.5 	    6.73 	    0.940000000 	    0.8 	 -999.0 	 03 Jan 2015 00:30:00 
#   24.97 	   33.01 	   96.9 	    6.64 	    0.485000000 	    0.7 	 -999.0 	 03 Jan 2015 00:45:00 
#   24.96 	   33.41 	   95.6 	    6.54 	    0.940000000 	    0.9 	 -999.0 	 03 Jan 2015 01:00:00 
#   24.87 	   30.24 	   93.6 	    6.53 	    0.485000000 	    1.1 	 -999.0 	 03 Jan 2015 01:15:00 
#   24.98 	   30.79 	   94.8 	    6.58 	    1.395000000 	    1.1 	 -999.0 	 03 Jan 2015 01:30:00 
#   24.98 	   31.32 	   94.4 	    6.53 	    0.000000000 	    1.2 	 -999.0 	 03 Jan 2015 01:45:00 
#   24.93 	   31.48 	   94.6 	    6.54 	    0.485000000 	    1.3 	 -999.0 	 03 Jan 2015 02:00:00 
#   24.94 	   30.28 	   93.6 	    6.52 	    0.940000000 	    1.4 	 -999.0 	 03 Jan 2015 02:15:00 
#   24.94 	   31.71 	   93.3 	    6.45 	    0.940000000 	    1.8 	 -999.0 	 03 Jan 2015 02:30:00 
#   24.95 	   30.89 	   93.1 	    6.46 	    0.485000000 	    1.6 	 -999.0 	 03 Jan 2015 02:45:00 
#   24.39 	   32.57 	   97.2 	    6.74 	    0.000000000 	    0.8 	 -999.0 	 03 Jan 2015 03:00:00 
#   24.35 	   31.11 	   96.7 	    6.77 	    0.485000000 	    0.9 	 -999.0 	 03 Jan 2015 03:15:00 
#   23.79 	   29.59 	   96.7 	    6.90 	    0.000000000 	    0.9 	 -999.0 	 03 Jan 2015 03:30:00 
#   23.57 	   29.13 	   97.4 	    7.00 	    0.000000000 	    0.6 	 -999.0 	 03 Jan 2015 03:45:00 
#   24.05 	   30.35 	   96.5 	    6.82 	    0.485000000 	    1.0 	 -999.0 	 03 Jan 2015 04:00:00 
#   24.20 	   30.99 	   96.0 	    6.75 	    0.000000000 	    1.1 	 -999.0 	 03 Jan 2015 04:15:00 
#   24.14 	   30.76 	   95.9 	    6.75 	    0.000000000 	    1.1 	 -999.0 	 03 Jan 2015 04:30:00 
#   24.29 	   29.87 	   95.5 	    6.74 	    0.000000000 	    1.1 	 -999.0 	 03 Jan 2015 04:45:00 
#   24.21 	   29.72 	   95.7 	    6.77 	    0.000000000 	    0.9 	 -999.0 	 03 Jan 2015 05:00:00 
#   24.29 	   29.00 	   95.5 	    6.78 	    0.000000000 	    1.1 	 -999.0 	 03 Jan 2015 05:15:00 
#   24.50 	   33.19 	   94.8 	    6.55 	    0.485000000 	    1.0 	 -999.0 	 03 Jan 2015 05:30:00 
#   24.54 	   30.49 	   94.7 	    6.64 	    0.485000000 	    0.9 	 -999.0 	 03 Jan 2015 05:45:00 
#   24.48 	   32.79 	   95.7 	    6.62 	    0.000000000 	    0.8 	 -999.0 	 03 Jan 2015 06:00:00 
#   24.52 	   31.63 	   95.2 	    6.63 	    0.000000000 	    0.9 	 -999.0 	 03 Jan 2015 06:15:00 
#   24.42 	   33.69 	   93.4 	    6.43 	    0.000000000 	    1.2 	 -999.0 	 03 Jan 2015 06:30:00 
#   24.23 	   33.18 	   94.3 	    6.54 	    0.000000000 	    1.1 	 -999.0 	 03 Jan 2015 06:45:00 
#   24.03 	   32.69 	   94.9 	    6.62 	    0.000000000 	    0.9 	 -999.0 	 03 Jan 2015 07:00:00 
#   24.12 	   32.83 	   94.7 	    6.59 	    0.000000000 	    0.9 	 -999.0 	 03 Jan 2015 07:15:00 
#   24.00 	   31.03 	   94.9 	    6.69 	    0.000000000 	    0.9 	 -999.0 	 03 Jan 2015 07:30:00 
#   23.73 	   30.71 	   96.1 	    6.82 	    0.000000000 	    0.7 	 -999.0 	 03 Jan 2015 07:45:00 
#   24.06 	   31.38 	   94.7 	    6.66 	    0.000000000 	    0.8 	 -999.0 	 03 Jan 2015 08:00:00 
#   23.90 	   31.85 	   95.5 	    6.71 	    0.000000000 	    0.8 	 -999.0 	 03 Jan 2015 08:15:00 
#   23.75 	   31.56 	   97.1 	    6.85 	    0.485000000 	    0.8 	 -999.0 	 03 Jan 2015 08:30:00 
#   24.04 	   32.19 	   96.1 	    6.72 	    0.000000000 	    0.8 	 -999.0 	 03 Jan 2015 08:45:00 
#   23.92 	   28.53 	   96.9 	    6.94 	    0.000000000 	    0.8 	 -999.0 	 03 Jan 2015 09:00:00 
#   23.91 	   28.90 	   96.8 	    6.91 	    0.000000000 	    1.1 	 -999.0 	 03 Jan 2015 09:15:00 
#   24.16 	   32.53 	   97.3 	    6.78 	    0.000000000 	    0.7 	 -999.0 	 03 Jan 2015 09:30:00 
#   24.25 	   32.76 	   97.2 	    6.75 	    0.000000000 	    0.6 	 -999.0 	 03 Jan 2015 09:45:00 
#   24.41 	   33.34 	   97.1 	    6.70 	    0.000000000 	    0.7 	 -999.0 	 03 Jan 2015 10:00:00 
#   24.41 	   33.17 	   96.8 	    6.69 	    0.000000000 	    0.9 	 -999.0 	 03 Jan 2015 10:15:00 
#   24.46 	   30.87 	   96.4 	    6.75 	    0.000000000 	    1.0 	 -999.0 	 03 Jan 2015 10:30:00 
#   23.93 	   30.74 	   96.7 	    6.83 	    0.000000000 	    0.8 	 -999.0 	 03 Jan 2015 10:45:00 
#   23.62 	   26.87 	   97.4 	    7.08 	    0.000000000 	    0.9 	 -999.0 	 03 Jan 2015 11:00:00 
#   23.70 	   27.27 	   95.8 	    6.93 	    0.000000000 	    1.0 	 -999.0 	 03 Jan 2015 11:15:00 
#   24.27 	   32.23 	   95.9 	    6.68 	    0.000000000 	    1.1 	 -999.0 	 03 Jan 2015 11:30:00 
#   24.32 	   31.86 	   96.7 	    6.75 	    0.000000000 	    1.0 	 -999.0 	 03 Jan 2015 11:45:00 
#   24.30 	   29.01 	   97.1 	    6.88 	    0.000000000 	    0.9 	 -999.0 	 03 Jan 2015 12:00:00 
#   24.41 	   29.61 	   96.9 	    6.84 	    0.000000000 	    0.9 	 -999.0 	 03 Jan 2015 12:15:00 
#   24.77 	   32.59 	   97.0 	    6.68 	    0.000000000 	    0.7 	 -999.0 	 03 Jan 2015 12:30:00 
#   24.75 	   33.68 	   96.6 	    6.62 	    0.000000000 	    0.8 	 -999.0 	 03 Jan 2015 12:45:00 
#   24.77 	   32.51 	   97.5 	    6.72 	    0.485000000 	    0.8 	 -999.0 	 03 Jan 2015 13:00:00 
#   24.77 	   30.92 	   97.8 	    6.81 	    0.000000000 	    0.7 	 -999.0 	 03 Jan 2015 13:15:00 
#   24.61 	   29.69 	   97.4 	    6.85 	    0.000000000 	    0.9 	 -999.0 	 03 Jan 2015 13:30:00 
#   24.49 	   27.43 	   97.6 	    6.96 	    0.000000000 	    1.4 	 -999.0 	 03 Jan 2015 13:45:00 
#   24.50 	   28.09 	   97.6 	    6.94 	    0.000000000 	    1.2 	 -999.0 	 03 Jan 2015 14:00:00 
#   24.67 	   29.16 	   97.6 	    6.87 	    0.940000000 	    1.0 	 -999.0 	 03 Jan 2015 14:15:00 
#   24.47 	   27.80 	   98.1 	    6.99 	    0.485000000 	    1.0 	 -999.0 	 03 Jan 2015 14:30:00 
#   24.33 	   28.69 	   98.7 	    7.01 	    0.000000000 	    0.6 	 -999.0 	 03 Jan 2015 14:45:00 
#   24.26 	   28.52 	   99.0 	    7.05 	    0.000000000 	    0.6 	 -999.0 	 03 Jan 2015 15:00:00 
#   24.21 	   28.14 	   99.1 	    7.08 	    0.940000000 	    0.5 	 -999.0 	 03 Jan 2015 15:15:00 
#   24.31 	   31.98 	   99.1 	    6.91 	    0.485000000 	    0.6 	 -999.0 	 03 Jan 2015 15:30:00 
#   24.25 	   31.92 	   99.3 	    6.93 	    0.485000000 	    0.6 	 -999.0 	 03 Jan 2015 15:45:00 
#   24.22 	   28.94 	   99.7 	    7.08 	    0.485000000 	    0.6 	 -999.0 	 03 Jan 2015 16:00:00 
#   24.23 	   31.36 	  100.0 	    7.00 	    0.940000000 	    0.6 	 -999.0 	 03 Jan 2015 16:15:00 
#   24.17 	   31.88 	  100.2 	    7.00 	    0.940000000 	    0.5 	 -999.0 	 03 Jan 2015 16:30:00 
#   24.21 	   31.93 	  100.5 	    7.02 	    1.395000000 	    0.6 	 -999.0 	 03 Jan 2015 16:45:00 
#   24.22 	   31.98 	  100.7 	    7.03 	    0.485000000 	    0.5 	 -999.0 	 03 Jan 2015 17:00:00 
#   24.14 	   31.42 	  101.1 	    7.09 	    0.485000000 	    0.5 	 -999.0 	 03 Jan 2015 17:15:00 
#   24.25 	   31.63 	  101.0 	    7.06 	    0.940000000 	    0.6 	 -999.0 	 03 Jan 2015 17:30:00 
#   24.30 	   30.08 	  101.1 	    7.13 	    0.485000000 	    0.6 	 -999.0 	 03 Jan 2015 17:45:00 
#   24.25 	   28.28 	  101.0 	    7.20 	    0.485000000 	    0.6 	 -999.0 	 03 Jan 2015 18:00:00 
#   24.27 	   28.29 	  101.0 	    7.20 	    0.940000000 	    0.6 	 -999.0 	 03 Jan 2015 18:15:00 
#   24.22 	   31.37 	  100.9 	    7.07 	    0.940000000 	    0.6 	 -999.0 	 03 Jan 2015 18:30:00 
#   24.29 	   31.96 	  100.7 	    7.03 	    0.000000000 	    0.5 	 -999.0 	 03 Jan 2015 18:45:00 
#   24.22 	   27.65 	  101.0 	    7.23 	    0.485000000 	    0.4 	 -999.0 	 03 Jan 2015 19:00:00 
#   24.20 	   29.56 	  101.2 	    7.17 	    0.000000000 	    0.6 	 -999.0 	 03 Jan 2015 19:15:00 
#   24.15 	   30.96 	  101.2 	    7.12 	    0.940000000 	    0.6 	 -999.0 	 03 Jan 2015 19:30:00 
#   24.32 	   32.03 	  100.8 	    7.03 	    0.940000000 	    0.5 	 -999.0 	 03 Jan 2015 19:45:00 
#   24.35 	   32.12 	  100.8 	    7.02 	    0.000000000 	    0.5 	 -999.0 	 03 Jan 2015 20:00:00 
#   24.21 	   31.22 	  100.7 	    7.06 	    0.000000000 	    0.4 	 -999.0 	 03 Jan 2015 20:15:00 
#   24.06 	   28.77 	  100.6 	    7.18 	    0.485000000 	    0.5 	 -999.0 	 03 Jan 2015 20:30:00 
#   24.40 	   30.07 	  101.0 	    7.11 	    0.000000000 	    0.1 	 -999.0 	 03 Jan 2015 20:45:00 
#   24.29 	   30.28 	  100.8 	    7.10 	    0.000000000 	    0.3 	 -999.0 	 03 Jan 2015 21:00:00 
#   24.37 	   29.44 	  100.4 	    7.09 	    0.000000000 	    0.3 	 -999.0 	 03 Jan 2015 21:15:00 
#   24.42 	   29.39 	  100.0 	    7.06 	    0.000000000 	    0.4 	 -999.0 	 03 Jan 2015 21:30:00 
#   24.04 	   28.90 	   99.7 	    7.11 	    0.000000000 	    0.4 	 -999.0 	 03 Jan 2015 21:45:00 
#   23.69 	   30.75 	   99.6 	    7.07 	    0.000000000 	    0.6 	 -999.0 	 03 Jan 2015 22:00:00 
#   23.81 	   30.70 	   99.7 	    7.06 	    0.485000000 	    0.8 	 -999.0 	 03 Jan 2015 22:15:00 
#   24.19 	   31.53 	  100.3 	    7.03 	    0.000000000 	    0.3 	 -999.0 	 03 Jan 2015 22:30:00 
#   24.05 	   28.70 	   99.8 	    7.12 	    0.000000000 	    0.5 	 -999.0 	 03 Jan 2015 22:45:00 
#   23.62 	   28.37 	   98.6 	    7.10 	    0.000000000 	    0.8 	 -999.0 	 03 Jan 2015 23:00:00 
#   23.91 	   30.52 	   99.3 	    7.03 	    0.000000000 	    0.8 	 -999.0 	 03 Jan 2015 23:15:00 
#   24.22 	   32.75 	  100.2 	    6.97 	    0.485000000 	    0.6 	 -999.0 	 03 Jan 2015 23:30:00 
#   24.43 	   32.67 	  100.2 	    6.94 	    0.000000000 	    0.4 	 -999.0 	 03 Jan 2015 23:45:00 
