#   24.62 	   29.91 	  101.8 	    7.15 	    0.000000000 	    0.3 	 -999.0 	 23 Jan 2015 00:00:00 
#   24.65 	   29.56 	  101.7 	    7.15 	    0.000000000 	    0.1 	 -999.0 	 23 Jan 2015 00:15:00 
#   24.71 	   29.99 	  101.9 	    7.14 	    0.000000000 	    0.1 	 -999.0 	 23 Jan 2015 00:30:00 
#   24.93 	   30.73 	  102.3 	    7.11 	    0.000000000 	    0.1 	 -999.0 	 23 Jan 2015 00:45:00 
#   24.95 	   34.80 	  101.9 	    6.92 	    0.000000000 	    0.4 	 -999.0 	 23 Jan 2015 01:00:00 
#   24.98 	   31.22 	  102.0 	    7.06 	    0.000000000 	    0.0 	 -999.0 	 23 Jan 2015 01:15:00 
#   25.04 	   30.79 	  101.2 	    7.01 	    0.000000000 	    0.1 	 -999.0 	 23 Jan 2015 01:30:00 
#   24.77 	   30.64 	  101.8 	    7.09 	    0.000000000 	    0.0 	 -999.0 	 23 Jan 2015 01:45:00 
#   24.72 	   29.78 	  101.6 	    7.12 	    0.000000000 	    0.2 	 -999.0 	 23 Jan 2015 02:00:00 
#   24.62 	   27.97 	  101.6 	    7.21 	    0.000000000 	    0.1 	 -999.0 	 23 Jan 2015 02:15:00 
#   24.63 	   31.75 	  101.5 	    7.05 	    0.000000000 	    0.2 	 -999.0 	 23 Jan 2015 02:30:00 
#   24.65 	   33.63 	  101.7 	    6.99 	    0.000000000 	    0.0 	 -999.0 	 23 Jan 2015 02:45:00 
#   24.92 	   34.81 	  101.7 	    6.90 	    0.000000000 	    0.0 	 -999.0 	 23 Jan 2015 03:00:00 
#   24.83 	   34.34 	  101.6 	    6.93 	    0.000000000 	    0.1 	 -999.0 	 23 Jan 2015 03:15:00 
#   24.53 	   32.89 	  101.7 	    7.03 	    0.000000000 	    0.1 	 -999.0 	 23 Jan 2015 03:30:00 
#   24.42 	   32.62 	  101.4 	    7.03 	    0.000000000 	    0.4 	 -999.0 	 23 Jan 2015 03:45:00 
#   24.80 	   33.54 	  101.6 	    6.96 	    0.000000000 	    0.0 	 -999.0 	 23 Jan 2015 04:00:00 
#   24.72 	   33.27 	  101.9 	    7.01 	    0.000000000 	    0.2 	 -999.0 	 23 Jan 2015 04:15:00 
#   24.93 	   31.60 	  101.3 	    7.00 	    0.000000000 	    0.1 	 -999.0 	 23 Jan 2015 04:30:00 
#   24.92 	   33.46 	  101.1 	    6.92 	    0.000000000 	    0.1 	 -999.0 	 23 Jan 2015 04:45:00 
#   24.82 	   33.38 	  101.5 	    6.96 	    0.000000000 	    0.1 	 -999.0 	 23 Jan 2015 05:00:00 
#   24.88 	   32.89 	  101.5 	    6.97 	    0.000000000 	    0.1 	 -999.0 	 23 Jan 2015 05:15:00 
#   24.91 	   34.34 	  101.3 	    6.89 	    0.000000000 	    0.3 	 -999.0 	 23 Jan 2015 05:30:00 
#   24.86 	   32.97 	  101.2 	    6.95 	    0.000000000 	    0.0 	 -999.0 	 23 Jan 2015 05:45:00 
#   25.00 	   32.73 	  101.2 	    6.94 	    0.000000000 	    0.1 	 -999.0 	 23 Jan 2015 06:00:00 
#   25.04 	   33.55 	  101.3 	    6.92 	    0.000000000 	    0.2 	 -999.0 	 23 Jan 2015 06:15:00 
#   24.96 	   35.00 	  101.2 	    6.86 	    0.000000000 	    0.2 	 -999.0 	 23 Jan 2015 06:30:00 
#   24.95 	   35.04 	  101.4 	    6.87 	    0.000000000 	    0.4 	 -999.0 	 23 Jan 2015 06:45:00 
#   24.93 	   34.98 	  100.9 	    6.85 	    0.000000000 	    0.3 	 -999.0 	 23 Jan 2015 07:00:00 
#   24.95 	   34.99 	  100.7 	    6.83 	    0.000000000 	    0.4 	 -999.0 	 23 Jan 2015 07:15:00 
#   24.85 	   34.79 	   97.9 	    6.65 	    0.000000000 	    0.6 	 -999.0 	 23 Jan 2015 07:30:00 
#   24.75 	   32.22 	   96.5 	    6.67 	    0.485000000 	    0.6 	 -999.0 	 23 Jan 2015 07:45:00 
#   24.73 	   34.64 	   97.5 	    6.65 	    0.485000000 	    0.6 	 -999.0 	 23 Jan 2015 08:00:00 
#   24.63 	   34.40 	   97.0 	    6.63 	    0.000000000 	    0.5 	 -999.0 	 23 Jan 2015 08:15:00 
#   24.53 	   33.94 	   97.1 	    6.67 	    0.000000000 	    0.6 	 -999.0 	 23 Jan 2015 08:30:00 
#   24.55 	   33.90 	   98.8 	    6.78 	    0.000000000 	    0.4 	 -999.0 	 23 Jan 2015 08:45:00 
#   24.53 	   34.40 	   99.1 	    6.79 	    0.000000000 	    0.5 	 -999.0 	 23 Jan 2015 09:00:00 
#   24.59 	   34.04 	   98.8 	    6.78 	    0.485000000 	    0.4 	 -999.0 	 23 Jan 2015 09:15:00 
#   24.55 	   34.33 	   98.8 	    6.77 	    0.485000000 	    0.6 	 -999.0 	 23 Jan 2015 09:30:00 
#   24.50 	   34.28 	   98.9 	    6.79 	    0.485000000 	    0.6 	 -999.0 	 23 Jan 2015 09:45:00 
#   24.48 	   34.10 	   99.1 	    6.81 	    0.000000000 	    0.5 	 -999.0 	 23 Jan 2015 10:00:00 
#   24.73 	   34.80 	  100.4 	    6.84 	    0.000000000 	    0.5 	 -999.0 	 23 Jan 2015 10:15:00 
#   24.82 	   34.85 	  100.1 	    6.80 	    0.000000000 	    0.8 	 -999.0 	 23 Jan 2015 10:30:00 
#   24.85 	   33.26 	  100.0 	    6.86 	    0.000000000 	    0.7 	 -999.0 	 23 Jan 2015 10:45:00 
#   24.53 	   34.28 	   97.4 	    6.67 	    0.000000000 	    0.4 	 -999.0 	 23 Jan 2015 11:00:00 
#   24.63 	   34.34 	   96.6 	    6.61 	    0.000000000 	    0.3 	 -999.0 	 23 Jan 2015 11:15:00 
#   24.63 	   34.40 	   96.4 	    6.60 	    0.000000000 	    0.2 	 -999.0 	 23 Jan 2015 11:30:00 
#   24.63 	   34.33 	   96.7 	    6.62 	    0.000000000 	    0.3 	 -999.0 	 23 Jan 2015 11:45:00 
#   24.41 	   33.68 	   96.6 	    6.66 	    0.000000000 	    0.4 	 -999.0 	 23 Jan 2015 12:00:00 
#   24.02 	   33.15 	   96.8 	    6.74 	    0.485000000 	    0.2 	 -999.0 	 23 Jan 2015 12:15:00 
#   24.09 	   33.44 	   98.1 	    6.81 	    4.580000000 	    0.2 	 -999.0 	 23 Jan 2015 12:30:00 
#   23.99 	   32.79 	   98.9 	    6.90 	    1.850000000 	    0.3 	 -999.0 	 23 Jan 2015 12:45:00 
#   24.10 	   32.95 	   98.9 	    6.88 	    0.940000000 	    0.2 	 -999.0 	 23 Jan 2015 13:00:00 
#   24.28 	   33.19 	   99.0 	    6.86 	    0.485000000 	    0.3 	 -999.0 	 23 Jan 2015 13:15:00 
#   24.48 	   30.05 	   99.3 	    6.98 	    0.000000000 	    0.3 	 -999.0 	 23 Jan 2015 13:30:00 
#   24.49 	   28.94 	  100.3 	    7.09 	    0.940000000 	    0.4 	 -999.0 	 23 Jan 2015 13:45:00 
#   24.59 	   33.76 	  100.3 	    6.89 	    0.485000000 	    0.5 	 -999.0 	 23 Jan 2015 14:00:00 
#   24.55 	   30.71 	   98.9 	    6.91 	    0.000000000 	    0.6 	 -999.0 	 23 Jan 2015 14:15:00 
#   24.63 	   31.46 	   99.9 	    6.94 	    0.000000000 	    0.3 	 -999.0 	 23 Jan 2015 14:30:00 
#   24.78 	   31.45 	   99.9 	    6.93 	    0.000000000 	    0.4 	 -999.0 	 23 Jan 2015 14:45:00 
#   24.75 	   32.07 	  100.2 	    6.93 	    0.485000000 	    0.3 	 -999.0 	 23 Jan 2015 15:00:00 
#   24.68 	   31.47 	  100.1 	    6.96 	    2.760000000 	    0.3 	 -999.0 	 23 Jan 2015 15:15:00 
#   24.73 	   32.22 	  100.5 	    6.95 	    1.850000000 	    0.4 	 -999.0 	 23 Jan 2015 15:30:00 
#   24.76 	   32.43 	  100.6 	    6.94 	    0.485000000 	    0.3 	 -999.0 	 23 Jan 2015 15:45:00 
#   24.82 	   32.83 	  101.1 	    6.95 	    0.940000000 	    0.3 	 -999.0 	 23 Jan 2015 16:00:00 
#   24.89 	   31.96 	  101.5 	    7.01 	    0.000000000 	    0.3 	 -999.0 	 23 Jan 2015 16:15:00 
#   24.99 	   31.63 	  102.2 	    7.06 	    0.000000000 	    0.3 	 -999.0 	 23 Jan 2015 16:30:00 
#   25.02 	   33.73 	  102.7 	    7.00 	    0.000000000 	    0.3 	 -999.0 	 23 Jan 2015 16:45:00 
#   24.96 	   33.36 	  102.8 	    7.03 	    0.940000000 	    0.2 	 -999.0 	 23 Jan 2015 17:00:00 
#   24.94 	   33.34 	  103.3 	    7.07 	    0.485000000 	    0.6 	 -999.0 	 23 Jan 2015 17:15:00 
#   25.00 	   33.71 	  103.3 	    7.05 	    0.000000000 	    0.3 	 -999.0 	 23 Jan 2015 17:30:00 
#   24.96 	   33.58 	  103.3 	    7.06 	    0.000000000 	    0.5 	 -999.0 	 23 Jan 2015 17:45:00 
#   24.76 	   33.21 	  102.1 	    7.01 	    0.000000000 	    0.4 	 -999.0 	 23 Jan 2015 18:00:00 
#   24.75 	   33.23 	  102.0 	    7.01 	    0.000000000 	    0.4 	 -999.0 	 23 Jan 2015 18:15:00 
#   24.72 	   28.21 	  101.6 	    7.19 	    0.485000000 	    0.5 	 -999.0 	 23 Jan 2015 18:30:00 
#   24.57 	   32.60 	  101.7 	    7.04 	    0.940000000 	    0.4 	 -999.0 	 23 Jan 2015 18:45:00 
#   24.70 	   32.84 	  102.0 	    7.03 	    0.940000000 	    0.4 	 -999.0 	 23 Jan 2015 19:00:00 
#   24.71 	   32.60 	  102.3 	    7.06 	    0.485000000 	    0.5 	 -999.0 	 23 Jan 2015 19:15:00 
#   24.64 	   32.13 	  102.5 	    7.10 	    0.485000000 	    0.5 	 -999.0 	 23 Jan 2015 19:30:00 
#   25.01 	   34.36 	  103.1 	    7.01 	    0.485000000 	    0.5 	 -999.0 	 23 Jan 2015 19:45:00 
#   24.95 	   32.48 	  103.1 	    7.09 	    1.395000000 	    0.5 	 -999.0 	 23 Jan 2015 20:00:00 
#   24.82 	   33.09 	  102.7 	    7.05 	    0.000000000 	    0.1 	 -999.0 	 23 Jan 2015 20:15:00 
#   24.82 	   33.63 	  102.5 	    7.02 	    0.485000000 	    0.5 	 -999.0 	 23 Jan 2015 20:30:00 
#   24.80 	   33.69 	  102.6 	    7.03 	    0.000000000 	    0.4 	 -999.0 	 23 Jan 2015 20:45:00 
#   24.73 	   33.42 	  102.2 	    7.01 	    0.000000000 	    1.0 	 -999.0 	 23 Jan 2015 21:00:00 
#   24.68 	   33.60 	  101.8 	    6.99 	    0.000000000 	    0.2 	 -999.0 	 23 Jan 2015 21:15:00 
#   24.69 	   33.91 	  101.6 	    6.96 	    0.000000000 	    0.3 	 -999.0 	 23 Jan 2015 21:30:00 
#   24.68 	   34.01 	  101.5 	    6.95 	    0.000000000 	    0.1 	 -999.0 	 23 Jan 2015 21:45:00 
#   24.73 	   34.13 	  101.7 	    6.96 	    0.000000000 	    0.2 	 -999.0 	 23 Jan 2015 22:00:00 
#   24.78 	   34.46 	  101.7 	    6.93 	    0.000000000 	    0.4 	 -999.0 	 23 Jan 2015 22:15:00 
#   24.76 	   34.60 	  101.5 	    6.92 	    0.000000000 	    0.2 	 -999.0 	 23 Jan 2015 22:30:00 
#   24.78 	   34.63 	  101.7 	    6.93 	    0.000000000 	    0.4 	 -999.0 	 23 Jan 2015 22:45:00 
#   24.73 	   34.61 	  101.5 	    6.92 	    0.000000000 	    0.2 	 -999.0 	 23 Jan 2015 23:00:00 
#   24.75 	   34.70 	  101.3 	    6.90 	    0.000000000 	    0.1 	 -999.0 	 23 Jan 2015 23:15:00 
#   24.70 	   34.82 	  101.0 	    6.88 	    0.000000000 	    0.2 	 -999.0 	 23 Jan 2015 23:30:00 
#   24.71 	   34.83 	  100.7 	    6.86 	    0.000000000 	    0.1 	 -999.0 	 23 Jan 2015 23:45:00 
