#   23.44 	   25.30 	  101.6 	    7.48 	    0.485000000 	    0.7 	 -999.0 	 26 Jan 2015 00:00:00 
#   23.41 	   26.14 	  101.6 	    7.44 	    0.485000000 	    0.8 	 -999.0 	 26 Jan 2015 00:15:00 
#   23.27 	   25.14 	  101.3 	    7.48 	    1.395000000 	    0.9 	 -999.0 	 26 Jan 2015 00:30:00 
#   23.22 	   22.06 	  100.6 	    7.57 	    0.940000000 	    1.1 	 -999.0 	 26 Jan 2015 00:45:00 
#   23.10 	   23.67 	  100.7 	    7.53 	    0.485000000 	    1.0 	 -999.0 	 26 Jan 2015 01:00:00 
#   23.09 	   23.19 	  100.7 	    7.55 	    0.940000000 	    1.0 	 -999.0 	 26 Jan 2015 01:15:00 
#   23.06 	   23.40 	  100.9 	    7.56 	    0.940000000 	    0.9 	 -999.0 	 26 Jan 2015 01:30:00 
#   23.06 	   23.66 	  100.9 	    7.54 	    0.485000000 	    1.0 	 -999.0 	 26 Jan 2015 01:45:00 
#   23.08 	   22.14 	  100.8 	    7.60 	    0.485000000 	    1.0 	 -999.0 	 26 Jan 2015 02:00:00 
#   23.09 	   22.43 	  100.8 	    7.58 	    0.485000000 	    1.0 	 -999.0 	 26 Jan 2015 02:15:00 
#   23.09 	   22.66 	  101.0 	    7.59 	    0.000000000 	    1.1 	 -999.0 	 26 Jan 2015 02:30:00 
#   22.99 	   22.71 	  100.7 	    7.58 	    0.940000000 	    0.9 	 -999.0 	 26 Jan 2015 02:45:00 
#   23.07 	   22.68 	  100.7 	    7.57 	    0.485000000 	    0.9 	 -999.0 	 26 Jan 2015 03:00:00 
#   23.17 	   23.24 	  101.0 	    7.55 	    0.940000000 	    0.9 	 -999.0 	 26 Jan 2015 03:15:00 
#   23.11 	   22.48 	  100.7 	    7.57 	    0.940000000 	    0.8 	 -999.0 	 26 Jan 2015 03:30:00 
#   23.10 	   24.38 	  100.7 	    7.49 	    0.940000000 	    0.9 	 -999.0 	 26 Jan 2015 03:45:00 
#   23.03 	   23.69 	  100.6 	    7.53 	    0.485000000 	    1.0 	 -999.0 	 26 Jan 2015 04:00:00 
#   22.97 	   23.99 	  100.6 	    7.52 	    0.940000000 	    0.9 	 -999.0 	 26 Jan 2015 04:15:00 
#   22.83 	   22.38 	  100.7 	    7.62 	    0.485000000 	    1.2 	 -999.0 	 26 Jan 2015 04:30:00 
#   22.87 	   24.78 	  100.8 	    7.51 	    0.940000000 	    0.6 	 -999.0 	 26 Jan 2015 04:45:00 
#   22.92 	   23.13 	  100.8 	    7.58 	    0.940000000 	    0.7 	 -999.0 	 26 Jan 2015 05:00:00 
#   22.82 	   22.04 	  100.5 	    7.62 	    0.000000000 	    0.9 	 -999.0 	 26 Jan 2015 05:15:00 
#   22.82 	   22.28 	  100.7 	    7.62 	    0.485000000 	    0.8 	 -999.0 	 26 Jan 2015 05:30:00 
#   22.84 	   21.60 	  100.4 	    7.62 	    0.000000000 	    0.7 	 -999.0 	 26 Jan 2015 05:45:00 
#   22.81 	   21.81 	  100.5 	    7.63 	    0.485000000 	    1.0 	 -999.0 	 26 Jan 2015 06:00:00 
#   22.85 	   23.10 	  100.6 	    7.57 	    0.000000000 	    1.2 	 -999.0 	 26 Jan 2015 06:15:00 
#   22.94 	   22.64 	  100.3 	    7.56 	    0.000000000 	    1.2 	 -999.0 	 26 Jan 2015 06:30:00 
#   23.05 	   26.69 	   99.9 	    7.34 	    0.485000000 	    1.1 	 -999.0 	 26 Jan 2015 06:45:00 
#   22.96 	   25.98 	  100.2 	    7.40 	    0.485000000 	    1.1 	 -999.0 	 26 Jan 2015 07:00:00 
#   23.10 	   27.06 	   99.8 	    7.31 	    0.485000000 	    1.0 	 -999.0 	 26 Jan 2015 07:15:00 
#   23.15 	   27.08 	  100.2 	    7.33 	    0.485000000 	    1.0 	 -999.0 	 26 Jan 2015 07:30:00 
#   23.14 	   26.79 	  100.1 	    7.34 	    0.485000000 	    1.0 	 -999.0 	 26 Jan 2015 07:45:00 
#   23.18 	   27.54 	  100.3 	    7.32 	    0.000000000 	    1.1 	 -999.0 	 26 Jan 2015 08:00:00 
#   23.22 	   27.65 	  100.4 	    7.31 	    0.000000000 	    1.1 	 -999.0 	 26 Jan 2015 08:15:00 
#   22.95 	   26.25 	  100.5 	    7.42 	    0.000000000 	    1.4 	 -999.0 	 26 Jan 2015 08:30:00 
#   23.33 	   25.28 	  101.0 	    7.44 	    0.485000000 	    1.2 	 -999.0 	 26 Jan 2015 08:45:00 
#   23.33 	   27.19 	  101.2 	    7.38 	    0.000000000 	    1.2 	 -999.0 	 26 Jan 2015 09:00:00 
#   23.44 	   27.92 	  101.5 	    7.35 	    0.000000000 	    1.1 	 -999.0 	 26 Jan 2015 09:15:00 
#   23.60 	   29.68 	  101.5 	    7.26 	    0.000000000 	    1.0 	 -999.0 	 26 Jan 2015 09:30:00 
#   23.61 	   29.59 	  101.6 	    7.27 	    0.000000000 	    1.1 	 -999.0 	 26 Jan 2015 09:45:00 
#   23.26 	   23.58 	  101.8 	    7.59 	    0.485000000 	    1.3 	 -999.0 	 26 Jan 2015 10:00:00 
#   23.25 	   25.61 	  101.8 	    7.50 	    0.485000000 	    1.2 	 -999.0 	 26 Jan 2015 10:15:00 
#   23.51 	   24.88 	  102.7 	    7.57 	    0.940000000 	    1.1 	 -999.0 	 26 Jan 2015 10:30:00 
#   23.62 	   29.85 	  103.3 	    7.38 	    0.485000000 	    1.0 	 -999.0 	 26 Jan 2015 10:45:00 
#   23.44 	   24.47 	  102.8 	    7.60 	    0.485000000 	    1.1 	 -999.0 	 26 Jan 2015 11:00:00 
#   23.48 	   26.59 	  103.2 	    7.53 	    0.000000000 	    1.2 	 -999.0 	 26 Jan 2015 11:15:00 
#   23.35 	   22.80 	  102.1 	    7.63 	    0.000000000 	    1.3 	 -999.0 	 26 Jan 2015 11:30:00 
#   23.33 	   22.09 	  102.5 	    7.69 	    0.000000000 	    1.2 	 -999.0 	 26 Jan 2015 11:45:00 
#   23.28 	   24.59 	  102.4 	    7.58 	    0.000000000 	    1.5 	 -999.0 	 26 Jan 2015 12:00:00 
#   23.32 	   24.47 	  102.5 	    7.59 	    0.485000000 	    1.3 	 -999.0 	 26 Jan 2015 12:15:00 
#   23.25 	   23.87 	  102.4 	    7.62 	    0.000000000 	    1.2 	 -999.0 	 26 Jan 2015 12:30:00 
#   23.24 	   24.64 	  103.0 	    7.64 	    0.000000000 	    1.4 	 -999.0 	 26 Jan 2015 12:45:00 
#   23.26 	   25.13 	  103.3 	    7.63 	    0.485000000 	    1.7 	 -999.0 	 26 Jan 2015 13:00:00 
#   23.25 	   22.96 	  103.7 	    7.76 	    0.940000000 	    1.5 	 -999.0 	 26 Jan 2015 13:15:00 
#   23.42 	   25.66 	  104.4 	    7.66 	    1.395000000 	    1.4 	 -999.0 	 26 Jan 2015 13:30:00 
#   23.40 	   26.43 	  104.1 	    7.61 	    1.395000000 	    1.4 	 -999.0 	 26 Jan 2015 13:45:00 
#   23.32 	   25.11 	  103.5 	    7.64 	    0.940000000 	    1.9 	 -999.0 	 26 Jan 2015 14:00:00 
#   23.46 	   25.68 	  103.8 	    7.62 	    2.305000000 	    2.0 	 -999.0 	 26 Jan 2015 14:15:00 
#   23.37 	   25.34 	  103.9 	    7.65 	    1.395000000 	    2.1 	 -999.0 	 26 Jan 2015 14:30:00 
#   23.55 	   25.32 	  104.5 	    7.67 	    1.395000000 	    1.7 	 -999.0 	 26 Jan 2015 14:45:00 
#   23.80 	   28.11 	  105.0 	    7.55 	    2.760000000 	    1.5 	 -999.0 	 26 Jan 2015 15:00:00 
#   23.59 	   26.85 	  106.1 	    7.72 	    1.850000000 	    1.6 	 -999.0 	 26 Jan 2015 15:15:00 
#   23.71 	   25.75 	  105.0 	    7.67 	    1.395000000 	    1.4 	 -999.0 	 26 Jan 2015 15:30:00 
#   23.64 	   27.39 	  105.4 	    7.63 	    0.940000000 	    1.3 	 -999.0 	 26 Jan 2015 15:45:00 
#   23.57 	   26.54 	  105.2 	    7.66 	    0.940000000 	    1.5 	 -999.0 	 26 Jan 2015 16:00:00 
#   23.71 	   26.09 	  103.9 	    7.57 	    0.000000000 	    1.4 	 -999.0 	 26 Jan 2015 16:15:00 
#   23.45 	   25.08 	  102.9 	    7.58 	    0.000000000 	    1.5 	 -999.0 	 26 Jan 2015 16:30:00 
#   23.05 	   22.75 	  102.5 	    7.71 	    0.000000000 	    1.2 	 -999.0 	 26 Jan 2015 16:45:00 
#   22.93 	   20.74 	  102.7 	    7.83 	    0.485000000 	    1.4 	 -999.0 	 26 Jan 2015 17:00:00 
#   22.73 	   21.42 	  102.4 	    7.80 	    0.485000000 	    1.1 	 -999.0 	 26 Jan 2015 17:15:00 
#   23.16 	   23.05 	  102.4 	    7.67 	    0.000000000 	    1.3 	 -999.0 	 26 Jan 2015 17:30:00 
#   23.20 	   23.26 	  102.1 	    7.63 	    0.000000000 	    1.3 	 -999.0 	 26 Jan 2015 17:45:00 
#   23.17 	   22.76 	  102.3 	    7.67 	    0.000000000 	    1.5 	 -999.0 	 26 Jan 2015 18:00:00 
#   23.37 	   24.68 	  102.8 	    7.60 	    0.000000000 	    1.7 	 -999.0 	 26 Jan 2015 18:15:00 
#   23.41 	   22.32 	  102.8 	    7.70 	    0.000000000 	    1.4 	 -999.0 	 26 Jan 2015 18:30:00 
#   23.35 	   24.39 	  102.5 	    7.59 	    0.485000000 	    1.2 	 -999.0 	 26 Jan 2015 18:45:00 
#   23.33 	   22.30 	  103.8 	    7.78 	    0.940000000 	    1.2 	 -999.0 	 26 Jan 2015 19:00:00 
#   23.42 	   24.77 	  104.4 	    7.71 	    1.850000000 	    1.6 	 -999.0 	 26 Jan 2015 19:15:00 
#   23.38 	   20.88 	  104.1 	    7.87 	    1.850000000 	    1.2 	 -999.0 	 26 Jan 2015 19:30:00 
#   23.15 	   24.62 	  105.5 	    7.83 	    2.760000000 	    1.2 	 -999.0 	 26 Jan 2015 19:45:00 
#   23.33 	   24.92 	  104.2 	    7.70 	    1.395000000 	    1.2 	 -999.0 	 26 Jan 2015 20:00:00 
#   23.43 	   25.06 	  103.8 	    7.65 	    0.485000000 	    1.2 	 -999.0 	 26 Jan 2015 20:15:00 
#   23.44 	   22.05 	  103.5 	    7.75 	    0.485000000 	    1.4 	 -999.0 	 26 Jan 2015 20:30:00 
#   23.35 	   20.80 	  103.3 	    7.81 	    1.395000000 	    1.2 	 -999.0 	 26 Jan 2015 20:45:00 
#   23.61 	   24.70 	  103.5 	    7.62 	    0.940000000 	    1.1 	 -999.0 	 26 Jan 2015 21:00:00 
#   23.63 	   24.65 	  103.6 	    7.62 	    0.485000000 	    1.0 	 -999.0 	 26 Jan 2015 21:15:00 
#   23.52 	   27.00 	  102.5 	    7.45 	    0.000000000 	    0.9 	 -999.0 	 26 Jan 2015 21:30:00 
#   23.65 	   23.87 	  102.9 	    7.60 	    0.485000000 	    0.7 	 -999.0 	 26 Jan 2015 21:45:00 
#   23.71 	   23.50 	  103.4 	    7.65 	    0.485000000 	    1.0 	 -999.0 	 26 Jan 2015 22:00:00 
#   23.77 	   26.77 	  104.4 	    7.57 	    1.395000000 	    0.9 	 -999.0 	 26 Jan 2015 22:15:00 
#   23.74 	   25.61 	  102.9 	    7.52 	    0.485000000 	    1.0 	 -999.0 	 26 Jan 2015 22:30:00 
#   23.75 	   26.57 	  104.9 	    7.62 	    1.850000000 	    0.5 	 -999.0 	 26 Jan 2015 22:45:00 
#   23.71 	   26.11 	  104.0 	    7.58 	    0.940000000 	    0.8 	 -999.0 	 26 Jan 2015 23:00:00 
#   23.70 	   26.73 	  104.4 	    7.59 	    1.395000000 	    0.6 	 -999.0 	 26 Jan 2015 23:15:00 
#   23.72 	   26.62 	  104.7 	    7.61 	    1.850000000 	    0.6 	 -999.0 	 26 Jan 2015 23:30:00 
#   23.61 	   25.94 	  104.9 	    7.66 	    0.940000000 	    0.5 	 -999.0 	 26 Jan 2015 23:45:00 
