#   24.66 	   33.58 	  107.5 	    7.39 	    2.760000000 	    0.1 	 -999.0 	 31 Jan 2015 00:00:00 
#   24.56 	   32.84 	  108.1 	    7.47 	    2.305000000 	    0.2 	 -999.0 	 31 Jan 2015 00:15:00 
#   24.59 	   33.24 	  103.2 	    7.11 	    1.850000000 	    0.3 	 -999.0 	 31 Jan 2015 00:30:00 
#   24.65 	   33.30 	  102.7 	    7.06 	    0.940000000 	    0.0 	 -999.0 	 31 Jan 2015 00:45:00 
#   24.74 	   33.50 	  102.6 	    7.04 	    0.940000000 	    0.0 	 -999.0 	 31 Jan 2015 01:00:00 
#   24.49 	   32.83 	  102.8 	    7.11 	    1.395000000 	    0.3 	 -999.0 	 31 Jan 2015 01:15:00 
#   24.51 	   32.87 	  102.9 	    7.12 	    0.940000000 	    0.2 	 -999.0 	 31 Jan 2015 01:30:00 
#   24.46 	   32.68 	  103.3 	    7.15 	    1.850000000 	    0.3 	 -999.0 	 31 Jan 2015 01:45:00 
#   24.37 	   32.40 	  103.3 	    7.18 	    1.395000000 	    0.3 	 -999.0 	 31 Jan 2015 02:00:00 
#   24.37 	   32.26 	  103.7 	    7.21 	    0.940000000 	    0.3 	 -999.0 	 31 Jan 2015 02:15:00 
#   24.45 	   32.36 	  102.8 	    7.14 	    0.485000000 	    0.2 	 -999.0 	 31 Jan 2015 02:30:00 
#   24.46 	   32.33 	  103.1 	    7.16 	    0.940000000 	    0.3 	 -999.0 	 31 Jan 2015 02:45:00 
#   24.60 	   32.57 	  102.1 	    7.06 	    1.395000000 	    0.2 	 -999.0 	 31 Jan 2015 03:00:00 
#   24.77 	   33.37 	  100.6 	    6.90 	    0.000000000 	    0.2 	 -999.0 	 31 Jan 2015 03:15:00 
#   24.71 	   33.53 	   99.5 	    6.83 	    0.000000000 	    0.0 	 -999.0 	 31 Jan 2015 03:30:00 
#   24.60 	   32.60 	   96.7 	    6.68 	    0.000000000 	    0.0 	 -999.0 	 31 Jan 2015 03:45:00 
#   24.48 	   31.78 	   95.1 	    6.62 	    0.000000000 	    0.1 	 -999.0 	 31 Jan 2015 04:00:00 
#   24.56 	   32.37 	   94.8 	    6.57 	    0.000000000 	    0.0 	 -999.0 	 31 Jan 2015 04:15:00 
#   24.42 	   31.54 	   96.2 	    6.71 	    0.000000000 	    0.0 	 -999.0 	 31 Jan 2015 04:30:00 
#   24.45 	   31.63 	   95.4 	    6.65 	    0.000000000 	    0.0 	 -999.0 	 31 Jan 2015 04:45:00 
#   24.51 	   32.88 	   99.7 	    6.89 	    0.940000000 	    0.2 	 -999.0 	 31 Jan 2015 05:00:00 
#   24.62 	   32.86 	   98.7 	    6.81 	    0.000000000 	    0.1 	 -999.0 	 31 Jan 2015 05:15:00 
#   24.58 	   32.39 	   97.4 	    6.75 	    0.485000000 	    0.0 	 -999.0 	 31 Jan 2015 05:30:00 
#   24.65 	   32.83 	   96.6 	    6.66 	    0.000000000 	    0.1 	 -999.0 	 31 Jan 2015 05:45:00 
#   24.40 	   31.38 	   99.1 	    6.92 	    0.000000000 	    0.2 	 -999.0 	 31 Jan 2015 06:00:00 
#   24.65 	   32.81 	   99.2 	    6.85 	    0.000000000 	    0.2 	 -999.0 	 31 Jan 2015 06:15:00 
#   24.76 	   33.44 	   98.7 	    6.77 	    0.000000000 	    0.2 	 -999.0 	 31 Jan 2015 06:30:00 
#   24.48 	   31.79 	  100.2 	    6.98 	    0.485000000 	    0.1 	 -999.0 	 31 Jan 2015 06:45:00 
#   24.64 	   32.71 	  102.0 	    7.04 	    0.485000000 	    0.1 	 -999.0 	 31 Jan 2015 07:00:00 
#   24.66 	   31.88 	  101.8 	    7.06 	    0.485000000 	    0.3 	 -999.0 	 31 Jan 2015 07:15:00 
#   24.31 	   30.61 	  103.5 	    7.27 	    1.395000000 	    0.2 	 -999.0 	 31 Jan 2015 07:30:00 
#   24.54 	   32.19 	   95.8 	    6.65 	    0.000000000 	    0.0 	 -999.0 	 31 Jan 2015 07:45:00 
#   24.65 	   32.62 	   99.2 	    6.85 	    0.000000000 	    0.2 	 -999.0 	 31 Jan 2015 08:00:00 
#   24.85 	   33.75 	  100.5 	    6.87 	    0.000000000 	    0.1 	 -999.0 	 31 Jan 2015 08:15:00 
#   24.77 	   33.60 	   99.5 	    6.82 	    0.485000000 	    0.1 	 -999.0 	 31 Jan 2015 08:30:00 
#   24.89 	   34.15 	   99.0 	    6.75 	    0.000000000 	    0.1 	 -999.0 	 31 Jan 2015 08:45:00 
#   25.00 	   34.64 	  101.5 	    6.89 	    0.940000000 	    0.1 	 -999.0 	 31 Jan 2015 09:00:00 
#   24.98 	   32.56 	  100.9 	    6.93 	    0.485000000 	    0.3 	 -999.0 	 31 Jan 2015 09:15:00 
#   24.04 	   29.66 	   98.6 	    7.00 	    0.485000000 	    0.1 	 -999.0 	 31 Jan 2015 09:30:00 
#   24.69 	   33.78 	  100.4 	    6.88 	    0.000000000 	    0.1 	 -999.0 	 31 Jan 2015 09:45:00 
#   24.73 	   34.06 	  100.6 	    6.88 	    0.000000000 	    0.1 	 -999.0 	 31 Jan 2015 10:00:00 
#   24.83 	   34.34 	  101.0 	    6.88 	    0.000000000 	    0.2 	 -999.0 	 31 Jan 2015 10:15:00 
#   24.90 	   34.40 	  101.1 	    6.88 	    0.000000000 	    0.1 	 -999.0 	 31 Jan 2015 10:30:00 
#   25.03 	   34.74 	  101.7 	    6.89 	    0.000000000 	    0.2 	 -999.0 	 31 Jan 2015 10:45:00 
#   24.88 	   33.51 	  103.9 	    7.11 	    0.000000000 	    0.1 	 -999.0 	 31 Jan 2015 11:00:00 
#   24.90 	   33.54 	  104.2 	    7.13 	    0.000000000 	    0.2 	 -999.0 	 31 Jan 2015 11:15:00 
#   24.83 	   32.72 	  102.9 	    7.08 	    0.485000000 	    0.2 	 -999.0 	 31 Jan 2015 11:30:00 
#   24.88 	   31.37 	  105.2 	    7.29 	    1.395000000 	    0.1 	 -999.0 	 31 Jan 2015 11:45:00 
#   24.78 	   31.36 	  103.9 	    7.21 	    0.485000000 	    0.2 	 -999.0 	 31 Jan 2015 12:00:00 
#   24.81 	   32.73 	  102.3 	    7.04 	    0.000000000 	    0.1 	 -999.0 	 31 Jan 2015 12:15:00 
#   24.87 	   32.73 	  102.4 	    7.04 	    0.000000000 	    0.2 	 -999.0 	 31 Jan 2015 12:30:00 
#   24.89 	   31.34 	  101.4 	    7.03 	    0.000000000 	    0.3 	 -999.0 	 31 Jan 2015 12:45:00 
#   25.00 	   28.62 	  102.6 	    7.21 	    0.485000000 	    0.1 	 -999.0 	 31 Jan 2015 13:00:00 
#   24.72 	   29.00 	  100.2 	    7.06 	    0.000000000 	    0.2 	 -999.0 	 31 Jan 2015 13:15:00 
#   24.77 	   30.04 	  100.2 	    7.01 	    0.000000000 	    0.2 	 -999.0 	 31 Jan 2015 13:30:00 
#   24.84 	   30.26 	  100.9 	    7.04 	    0.000000000 	    0.2 	 -999.0 	 31 Jan 2015 13:45:00 
#   24.95 	   29.99 	  102.0 	    7.11 	    0.485000000 	    0.1 	 -999.0 	 31 Jan 2015 14:00:00 
#   24.97 	   28.84 	  102.1 	    7.17 	    0.000000000 	    0.2 	 -999.0 	 31 Jan 2015 14:15:00 
#   25.00 	   27.95 	  102.4 	    7.22 	    0.485000000 	    0.2 	 -999.0 	 31 Jan 2015 14:30:00 
#   25.03 	   27.78 	  102.6 	    7.23 	    0.485000000 	    0.2 	 -999.0 	 31 Jan 2015 14:45:00 
#   25.12 	   31.71 	  103.5 	    7.13 	    0.940000000 	    0.3 	 -999.0 	 31 Jan 2015 15:00:00 
#   25.18 	   30.72 	  104.1 	    7.20 	    1.850000000 	    0.0 	 -999.0 	 31 Jan 2015 15:15:00 
#   25.19 	   32.44 	  103.6 	    7.10 	    1.395000000 	    0.0 	 -999.0 	 31 Jan 2015 15:30:00 
#   25.17 	   32.44 	  103.6 	    7.10 	    0.940000000 	    0.0 	 -999.0 	 31 Jan 2015 15:45:00 
#   25.19 	   32.25 	  103.7 	    7.11 	    0.940000000 	    0.0 	 -999.0 	 31 Jan 2015 16:00:00 
#   25.21 	   32.09 	  104.5 	    7.17 	    1.850000000 	    0.3 	 -999.0 	 31 Jan 2015 16:15:00 
#   25.23 	   29.65 	  105.2 	    7.32 	    1.395000000 	    0.3 	 -999.0 	 31 Jan 2015 16:30:00 
#   25.18 	   32.09 	  105.2 	    7.22 	    2.305000000 	    0.2 	 -999.0 	 31 Jan 2015 16:45:00 
#   25.18 	   32.08 	  105.3 	    7.23 	    1.850000000 	    0.2 	 -999.0 	 31 Jan 2015 17:00:00 
#   25.16 	   32.04 	  105.3 	    7.23 	    1.850000000 	    0.2 	 -999.0 	 31 Jan 2015 17:15:00 
#   25.14 	   32.05 	  105.2 	    7.23 	    1.850000000 	    0.3 	 -999.0 	 31 Jan 2015 17:30:00 
#   25.13 	   29.50 	  105.2 	    7.34 	    1.850000000 	    0.1 	 -999.0 	 31 Jan 2015 17:45:00 
#   25.15 	   31.90 	  105.5 	    7.25 	    1.395000000 	    0.3 	 -999.0 	 31 Jan 2015 18:00:00 
#   25.14 	   31.96 	  105.2 	    7.24 	    1.395000000 	    0.4 	 -999.0 	 31 Jan 2015 18:15:00 
#   25.12 	   30.92 	  103.0 	    7.13 	    1.850000000 	    0.1 	 -999.0 	 31 Jan 2015 18:30:00 
#   25.06 	   32.66 	  103.0 	    7.06 	    1.850000000 	    0.3 	 -999.0 	 31 Jan 2015 18:45:00 
#   25.03 	   32.80 	  102.6 	    7.03 	    1.850000000 	    0.3 	 -999.0 	 31 Jan 2015 19:00:00 
#   25.04 	   32.92 	  102.2 	    7.00 	    1.395000000 	    0.2 	 -999.0 	 31 Jan 2015 19:15:00 
#   25.03 	   33.05 	  101.7 	    6.96 	    1.395000000 	    0.3 	 -999.0 	 31 Jan 2015 19:30:00 
#   25.03 	   33.20 	  101.7 	    6.96 	    0.000000000 	    0.1 	 -999.0 	 31 Jan 2015 19:45:00 
#   25.04 	   33.31 	  102.0 	    6.97 	    0.940000000 	    0.3 	 -999.0 	 31 Jan 2015 20:00:00 
#   25.04 	   33.42 	  101.5 	    6.93 	    0.000000000 	    0.3 	 -999.0 	 31 Jan 2015 20:15:00 
#   25.05 	   33.52 	  101.7 	    6.94 	    0.000000000 	    0.2 	 -999.0 	 31 Jan 2015 20:30:00 
#   25.06 	   33.63 	  101.7 	    6.94 	    0.000000000 	    0.3 	 -999.0 	 31 Jan 2015 20:45:00 
#   25.08 	   33.67 	  101.7 	    6.93 	    0.000000000 	    0.3 	 -999.0 	 31 Jan 2015 21:00:00 
#   25.11 	   33.83 	  102.4 	    6.97 	    0.000000000 	    0.3 	 -999.0 	 31 Jan 2015 21:15:00 
#   25.00 	   33.38 	  100.3 	    6.86 	    0.000000000 	    0.1 	 -999.0 	 31 Jan 2015 21:30:00 
#   25.04 	   33.59 	  100.7 	    6.87 	    0.940000000 	    0.1 	 -999.0 	 31 Jan 2015 21:45:00 
#   25.01 	   33.27 	  100.5 	    6.88 	    0.000000000 	    0.2 	 -999.0 	 31 Jan 2015 22:00:00 
#   25.06 	   33.49 	  100.9 	    6.89 	    0.000000000 	    0.2 	 -999.0 	 31 Jan 2015 22:15:00 
#   25.09 	   33.64 	  100.7 	    6.86 	    0.485000000 	    0.1 	 -999.0 	 31 Jan 2015 22:30:00 
#   25.13 	   33.69 	  102.2 	    6.96 	    0.940000000 	    0.0 	 -999.0 	 31 Jan 2015 22:45:00 
#   25.00 	   32.58 	  101.5 	    6.97 	    0.000000000 	    0.2 	 -999.0 	 31 Jan 2015 23:00:00 
#   25.05 	   34.39 	  101.1 	    6.86 	    0.000000000 	    0.1 	 -999.0 	 31 Jan 2015 23:15:00 
#   25.05 	   34.56 	  101.0 	    6.85 	    0.485000000 	    0.3 	 -999.0 	 31 Jan 2015 23:30:00 
#   25.02 	   34.70 	  100.9 	    6.84 	    0.000000000 	    0.0 	 -999.0 	 31 Jan 2015 23:45:00 
