#   24.76 	   33.54 	  101.8 	    6.98 	    0.000000000 	    0.4 	 -999.0 	 19 Jan 2015 00:00:00 
#   24.74 	   33.27 	  101.7 	    6.99 	    0.000000000 	    0.3 	 -999.0 	 19 Jan 2015 00:15:00 
#   24.67 	   32.84 	  102.4 	    7.06 	    0.000000000 	    0.5 	 -999.0 	 19 Jan 2015 00:30:00 
#   24.72 	   32.12 	  102.0 	    7.05 	    0.000000000 	    0.5 	 -999.0 	 19 Jan 2015 00:45:00 
#   24.75 	   34.37 	  101.8 	    6.95 	    0.000000000 	    0.3 	 -999.0 	 19 Jan 2015 01:00:00 
#   24.72 	   33.25 	  102.0 	    7.01 	    0.000000000 	    0.7 	 -999.0 	 19 Jan 2015 01:15:00 
#   24.73 	   32.86 	  102.0 	    7.03 	    0.000000000 	    0.7 	 -999.0 	 19 Jan 2015 01:30:00 
#   24.76 	   33.08 	  101.8 	    7.00 	    0.000000000 	    0.4 	 -999.0 	 19 Jan 2015 01:45:00 
#   24.65 	   32.57 	  102.1 	    7.05 	    0.000000000 	    0.4 	 -999.0 	 19 Jan 2015 02:00:00 
#   24.64 	   33.85 	  101.8 	    6.98 	    0.000000000 	    0.5 	 -999.0 	 19 Jan 2015 02:15:00 
#   24.75 	   30.18 	  101.6 	    7.10 	    0.000000000 	    0.6 	 -999.0 	 19 Jan 2015 02:30:00 
#   24.80 	   29.52 	  101.5 	    7.11 	    0.000000000 	    0.5 	 -999.0 	 19 Jan 2015 02:45:00 
#   24.79 	   32.65 	  101.7 	    7.01 	    0.000000000 	    0.5 	 -999.0 	 19 Jan 2015 03:00:00 
#   24.80 	   32.91 	  101.3 	    6.97 	    0.000000000 	    0.6 	 -999.0 	 19 Jan 2015 03:15:00 
#   24.80 	   32.56 	  101.2 	    6.98 	    0.000000000 	    0.9 	 -999.0 	 19 Jan 2015 03:30:00 
#   24.82 	   31.25 	  101.2 	    7.02 	    0.000000000 	    0.7 	 -999.0 	 19 Jan 2015 03:45:00 
#   24.50 	   30.41 	  101.2 	    7.09 	    0.000000000 	    1.1 	 -999.0 	 19 Jan 2015 04:00:00 
#   24.53 	   31.09 	  100.2 	    7.00 	    0.000000000 	    0.7 	 -999.0 	 19 Jan 2015 04:15:00 
#   24.56 	   31.44 	  100.0 	    6.96 	    0.485000000 	    0.9 	 -999.0 	 19 Jan 2015 04:30:00 
#   24.51 	   31.11 	   99.4 	    6.94 	    0.000000000 	    0.9 	 -999.0 	 19 Jan 2015 04:45:00 
#   24.62 	   30.70 	   99.5 	    6.95 	    0.000000000 	    1.1 	 -999.0 	 19 Jan 2015 05:00:00 
#   24.57 	   31.36 	   99.7 	    6.94 	    0.485000000 	    0.8 	 -999.0 	 19 Jan 2015 05:15:00 
#   24.57 	   32.64 	   99.7 	    6.89 	    0.000000000 	    0.8 	 -999.0 	 19 Jan 2015 05:30:00 
#   24.65 	   31.62 	   99.5 	    6.91 	    0.000000000 	    1.0 	 -999.0 	 19 Jan 2015 05:45:00 
#   24.60 	   31.51 	   99.3 	    6.90 	    0.000000000 	    1.0 	 -999.0 	 19 Jan 2015 06:00:00 
#   24.66 	   32.84 	   99.4 	    6.85 	    0.000000000 	    1.0 	 -999.0 	 19 Jan 2015 06:15:00 
#   24.60 	   35.09 	   99.2 	    6.76 	    0.000000000 	    0.9 	 -999.0 	 19 Jan 2015 06:30:00 
#   24.49 	   34.77 	   97.9 	    6.70 	    0.000000000 	    1.0 	 -999.0 	 19 Jan 2015 06:45:00 
#   24.67 	   35.04 	   98.9 	    6.74 	    0.000000000 	    1.1 	 -999.0 	 19 Jan 2015 07:00:00 
#   24.34 	   34.30 	   96.7 	    6.65 	    0.000000000 	    1.4 	 -999.0 	 19 Jan 2015 07:15:00 
#   24.62 	   35.02 	   98.8 	    6.73 	    0.000000000 	    1.4 	 -999.0 	 19 Jan 2015 07:30:00 
#   24.48 	   34.65 	   98.7 	    6.76 	    0.485000000 	    1.2 	 -999.0 	 19 Jan 2015 07:45:00 
#   24.53 	   34.50 	   99.7 	    6.82 	    0.485000000 	    0.9 	 -999.0 	 19 Jan 2015 08:00:00 
#   24.58 	   34.53 	   99.6 	    6.81 	    0.485000000 	    1.1 	 -999.0 	 19 Jan 2015 08:15:00 
#   24.71 	   34.77 	   98.8 	    6.74 	    0.940000000 	    1.3 	 -999.0 	 19 Jan 2015 08:30:00 
#   24.87 	   35.23 	  101.1 	    6.85 	    0.000000000 	    0.7 	 -999.0 	 19 Jan 2015 08:45:00 
#   24.34 	   31.91 	   99.5 	    6.94 	    0.000000000 	    0.7 	 -999.0 	 19 Jan 2015 09:00:00 
#   24.78 	   33.58 	   99.4 	    6.81 	    0.000000000 	    0.7 	 -999.0 	 19 Jan 2015 09:15:00 
#   24.56 	   32.14 	   99.3 	    6.89 	    0.000000000 	    0.8 	 -999.0 	 19 Jan 2015 09:30:00 
#   24.40 	   32.55 	   99.6 	    6.91 	    0.000000000 	    0.6 	 -999.0 	 19 Jan 2015 09:45:00 
#   24.28 	   30.64 	   99.0 	    6.96 	    0.000000000 	    0.6 	 -999.0 	 19 Jan 2015 10:00:00 
#   24.37 	   32.42 	   99.8 	    6.93 	    0.000000000 	    0.5 	 -999.0 	 19 Jan 2015 10:15:00 
#   24.24 	   31.80 	   98.2 	    6.86 	    0.000000000 	    0.6 	 -999.0 	 19 Jan 2015 10:30:00 
#   24.45 	   32.36 	   99.9 	    6.93 	    4.125000000 	    0.5 	 -999.0 	 19 Jan 2015 10:45:00 
#   24.42 	   33.47 	   99.8 	    6.89 	    1.850000000 	    0.7 	 -999.0 	 19 Jan 2015 11:00:00 
#   24.59 	   33.53 	  100.6 	    6.92 	    5.035000000 	    0.5 	 -999.0 	 19 Jan 2015 11:15:00 
#   24.65 	   33.15 	  100.1 	    6.89 	    7.765000000 	    0.5 	 -999.0 	 19 Jan 2015 11:30:00 
#   24.54 	   29.48 	   98.3 	    6.93 	    0.000000000 	    0.5 	 -999.0 	 19 Jan 2015 11:45:00 
#   24.73 	   32.17 	  100.1 	    6.92 	    0.000000000 	    0.7 	 -999.0 	 19 Jan 2015 12:00:00 
#   24.71 	   33.00 	   99.0 	    6.82 	    0.000000000 	    1.0 	 -999.0 	 19 Jan 2015 12:15:00 
#   24.86 	   33.87 	   99.4 	    6.79 	    0.000000000 	    0.8 	 -999.0 	 19 Jan 2015 12:30:00 
#   24.83 	   33.39 	   99.6 	    6.83 	    0.000000000 	    0.6 	 -999.0 	 19 Jan 2015 12:45:00 
#   24.88 	   33.30 	   99.8 	    6.84 	    0.000000000 	    0.6 	 -999.0 	 19 Jan 2015 13:00:00 
#   24.90 	   31.34 	   99.6 	    6.90 	    0.000000000 	    0.6 	 -999.0 	 19 Jan 2015 13:15:00 
#   25.03 	   30.31 	   99.9 	    6.94 	    3.215000000 	    0.6 	 -999.0 	 19 Jan 2015 13:30:00 
#   25.07 	   30.37 	  100.3 	    6.96 	    0.000000000 	    0.5 	 -999.0 	 19 Jan 2015 13:45:00 
#   25.08 	   33.75 	  100.6 	    6.85 	    0.000000000 	    0.6 	 -999.0 	 19 Jan 2015 14:00:00 
#   25.16 	   31.92 	  101.9 	    7.01 	    0.000000000 	    1.3 	 -999.0 	 19 Jan 2015 14:15:00 
#   25.17 	   34.29 	  102.3 	    6.94 	    0.000000000 	    0.6 	 -999.0 	 19 Jan 2015 14:30:00 
#   25.25 	   34.29 	  104.0 	    7.04 	    0.000000000 	    0.6 	 -999.0 	 19 Jan 2015 14:45:00 
#   25.25 	   34.20 	  103.5 	    7.01 	    0.485000000 	    0.6 	 -999.0 	 19 Jan 2015 15:00:00 
#   25.40 	   34.09 	  104.5 	    7.07 	    0.000000000 	    0.6 	 -999.0 	 19 Jan 2015 15:15:00 
#   25.40 	   34.35 	  104.6 	    7.06 	    0.485000000 	    0.6 	 -999.0 	 19 Jan 2015 15:30:00 
#   25.53 	   34.00 	  105.3 	    7.11 	    0.485000000 	    0.8 	 -999.0 	 19 Jan 2015 15:45:00 
#   25.25 	   33.86 	  104.8 	    7.12 	    0.485000000 	    0.6 	 -999.0 	 19 Jan 2015 16:00:00 
#   25.42 	   29.38 	  105.6 	    7.33 	    0.485000000 	    1.0 	 -999.0 	 19 Jan 2015 16:15:00 
#   25.29 	   34.33 	  104.8 	    7.09 	    0.000000000 	    0.5 	 -999.0 	 19 Jan 2015 16:30:00 
#   25.31 	   34.46 	  104.7 	    7.07 	    0.000000000 	    0.7 	 -999.0 	 19 Jan 2015 16:45:00 
#   25.16 	   34.32 	  104.4 	    7.08 	    0.000000000 	    0.5 	 -999.0 	 19 Jan 2015 17:00:00 
#   25.19 	   34.27 	  104.7 	    7.10 	    0.000000000 	    0.5 	 -999.0 	 19 Jan 2015 17:15:00 
#   25.05 	   31.86 	  104.9 	    7.23 	    0.000000000 	    0.8 	 -999.0 	 19 Jan 2015 17:30:00 
#   25.17 	   34.13 	  105.8 	    7.18 	    0.000000000 	    0.8 	 -999.0 	 19 Jan 2015 17:45:00 
#   25.18 	   34.01 	  107.4 	    7.29 	    1.395000000 	    0.9 	 -999.0 	 19 Jan 2015 18:00:00 
#   25.21 	   33.84 	  108.6 	    7.37 	    1.395000000 	    0.9 	 -999.0 	 19 Jan 2015 18:15:00 
#   25.12 	   30.87 	  106.8 	    7.39 	    0.940000000 	    1.0 	 -999.0 	 19 Jan 2015 18:30:00 
#   25.16 	   33.84 	  106.8 	    7.26 	    0.000000000 	    0.9 	 -999.0 	 19 Jan 2015 18:45:00 
#   25.20 	   34.03 	  104.8 	    7.11 	    0.485000000 	    0.6 	 -999.0 	 19 Jan 2015 19:00:00 
#   25.04 	   33.56 	  105.5 	    7.20 	    0.485000000 	    0.6 	 -999.0 	 19 Jan 2015 19:15:00 
#   25.03 	   33.36 	  105.1 	    7.18 	    0.485000000 	    0.8 	 -999.0 	 19 Jan 2015 19:30:00 
#   25.00 	   32.36 	  108.0 	    7.43 	    1.395000000 	    1.5 	 -999.0 	 19 Jan 2015 19:45:00 
#   25.16 	   32.90 	  107.1 	    7.32 	    1.395000000 	    1.5 	 -999.0 	 19 Jan 2015 20:00:00 
#   24.86 	   31.82 	  108.0 	    7.46 	    0.940000000 	    1.1 	 -999.0 	 19 Jan 2015 20:15:00 
#   24.89 	   31.70 	  107.2 	    7.41 	    0.485000000 	    1.5 	 -999.0 	 19 Jan 2015 20:30:00 
#   25.13 	   32.44 	  107.0 	    7.34 	    0.485000000 	    0.9 	 -999.0 	 19 Jan 2015 20:45:00 
#   25.40 	   34.37 	  105.0 	    7.09 	    0.940000000 	    1.0 	 -999.0 	 19 Jan 2015 21:00:00 
#   25.32 	   34.67 	  103.6 	    6.99 	    0.000000000 	    0.7 	 -999.0 	 19 Jan 2015 21:15:00 
#   25.27 	   34.81 	  103.5 	    6.98 	    0.485000000 	    0.5 	 -999.0 	 19 Jan 2015 21:30:00 
#   25.33 	   34.64 	  103.1 	    6.96 	    0.000000000 	    0.6 	 -999.0 	 19 Jan 2015 21:45:00 
#   25.29 	   34.59 	  104.0 	    7.03 	    0.000000000 	    0.7 	 -999.0 	 19 Jan 2015 22:00:00 
#   25.28 	   34.63 	  104.3 	    7.04 	    0.000000000 	    0.8 	 -999.0 	 19 Jan 2015 22:15:00 
#   25.30 	   34.65 	  104.0 	    7.02 	    0.000000000 	    0.9 	 -999.0 	 19 Jan 2015 22:30:00 
#   25.17 	   34.21 	  103.5 	    7.02 	    0.000000000 	    0.5 	 -999.0 	 19 Jan 2015 22:45:00 
#   25.23 	   34.60 	  103.3 	    6.98 	    0.000000000 	    0.5 	 -999.0 	 19 Jan 2015 23:00:00 
#   24.94 	   33.69 	  102.9 	    7.03 	    0.000000000 	    0.7 	 -999.0 	 19 Jan 2015 23:15:00 
#   24.84 	   33.84 	  101.5 	    6.94 	    0.000000000 	    0.5 	 -999.0 	 19 Jan 2015 23:30:00 
#   24.82 	   34.01 	  101.3 	    6.92 	    0.000000000 	    0.6 	 -999.0 	 19 Jan 2015 23:45:00 
