#   24.57 	   32.50 	   99.4 	    6.88 	    0.000000000 	    0.0 	 -999.0 	 15 Jan 2015 00:00:00 
#   24.56 	   32.45 	   99.0 	    6.86 	    0.000000000 	    0.1 	 -999.0 	 15 Jan 2015 00:15:00 
#   24.47 	   28.83 	   99.1 	    7.02 	    0.940000000 	    0.3 	 -999.0 	 15 Jan 2015 00:30:00 
#   24.39 	   27.83 	   99.2 	    7.07 	    0.000000000 	    0.1 	 -999.0 	 15 Jan 2015 00:45:00 
#   24.36 	   31.32 	   98.7 	    6.90 	    0.000000000 	    0.1 	 -999.0 	 15 Jan 2015 01:00:00 
#   24.40 	   28.22 	   99.4 	    7.07 	    0.000000000 	    0.0 	 -999.0 	 15 Jan 2015 01:15:00 
#   24.41 	   27.76 	   99.1 	    7.06 	    0.000000000 	    0.1 	 -999.0 	 15 Jan 2015 01:30:00 
#   24.39 	   28.66 	   99.2 	    7.04 	    0.000000000 	    0.2 	 -999.0 	 15 Jan 2015 01:45:00 
#   24.31 	   28.29 	   98.9 	    7.04 	    0.000000000 	    0.0 	 -999.0 	 15 Jan 2015 02:00:00 
#   24.41 	   28.16 	   98.6 	    7.01 	    0.000000000 	    0.0 	 -999.0 	 15 Jan 2015 02:15:00 
#   24.47 	   28.59 	   99.0 	    7.02 	    0.000000000 	    0.2 	 -999.0 	 15 Jan 2015 02:30:00 
#   24.45 	   28.14 	   98.2 	    6.98 	    0.000000000 	    0.1 	 -999.0 	 15 Jan 2015 02:45:00 
#   24.49 	   29.01 	   98.7 	    6.98 	    0.000000000 	    0.2 	 -999.0 	 15 Jan 2015 03:00:00 
#   24.41 	   32.94 	   98.4 	    6.81 	    0.000000000 	    0.1 	 -999.0 	 15 Jan 2015 03:15:00 
#   24.57 	   32.71 	   99.6 	    6.88 	    0.000000000 	    0.0 	 -999.0 	 15 Jan 2015 03:30:00 
#   24.48 	   32.93 	   99.2 	    6.86 	    0.000000000 	    0.1 	 -999.0 	 15 Jan 2015 03:45:00 
#   24.57 	   32.92 	   99.6 	    6.88 	    0.000000000 	    0.2 	 -999.0 	 15 Jan 2015 04:00:00 
#   24.44 	   28.88 	   99.7 	    7.06 	    0.000000000 	    0.1 	 -999.0 	 15 Jan 2015 04:15:00 
#   24.49 	   28.60 	   98.3 	    6.97 	    0.000000000 	    0.1 	 -999.0 	 15 Jan 2015 04:30:00 
#   24.51 	   28.69 	   98.5 	    6.97 	    0.000000000 	    0.2 	 -999.0 	 15 Jan 2015 04:45:00 
#   24.49 	   33.22 	   99.0 	    6.83 	    0.000000000 	    0.0 	 -999.0 	 15 Jan 2015 05:00:00 
#   24.62 	   33.41 	   98.9 	    6.80 	    0.000000000 	    0.2 	 -999.0 	 15 Jan 2015 05:15:00 
#   24.63 	   33.65 	   98.7 	    6.78 	    0.000000000 	    0.0 	 -999.0 	 15 Jan 2015 05:30:00 
#   24.56 	   33.62 	   97.8 	    6.73 	    0.000000000 	    0.0 	 -999.0 	 15 Jan 2015 05:45:00 
#   24.56 	   33.58 	   97.2 	    6.69 	    0.000000000 	    0.1 	 -999.0 	 15 Jan 2015 06:00:00 
#   24.58 	   33.65 	   98.1 	    6.74 	    0.000000000 	    0.0 	 -999.0 	 15 Jan 2015 06:15:00 
#   24.57 	   33.71 	   97.9 	    6.73 	    0.000000000 	    0.1 	 -999.0 	 15 Jan 2015 06:30:00 
#   24.64 	   33.85 	   97.3 	    6.68 	    0.000000000 	    0.1 	 -999.0 	 15 Jan 2015 06:45:00 
#   24.66 	   33.95 	   97.7 	    6.69 	    0.000000000 	    0.0 	 -999.0 	 15 Jan 2015 07:00:00 
#   24.58 	   33.96 	   97.7 	    6.70 	    0.000000000 	    0.1 	 -999.0 	 15 Jan 2015 07:15:00 
#   24.59 	   33.97 	   98.1 	    6.73 	    0.000000000 	    0.0 	 -999.0 	 15 Jan 2015 07:30:00 
#   24.66 	   34.06 	   98.2 	    6.72 	    0.000000000 	    0.0 	 -999.0 	 15 Jan 2015 07:45:00 
#   24.61 	   33.99 	   98.5 	    6.75 	    0.000000000 	    0.1 	 -999.0 	 15 Jan 2015 08:00:00 
#   24.42 	   33.77 	   98.6 	    6.79 	    0.000000000 	    0.0 	 -999.0 	 15 Jan 2015 08:15:00 
#   24.45 	   32.46 	   98.8 	    6.85 	    0.000000000 	    0.0 	 -999.0 	 15 Jan 2015 08:30:00 
#   24.47 	   33.85 	   98.9 	    6.80 	    0.000000000 	    0.0 	 -999.0 	 15 Jan 2015 08:45:00 
#   24.62 	   33.87 	   99.4 	    6.82 	    0.000000000 	    0.0 	 -999.0 	 15 Jan 2015 09:00:00 
#   24.70 	   33.89 	   99.6 	    6.82 	    0.000000000 	    0.1 	 -999.0 	 15 Jan 2015 09:15:00 
#   24.70 	   33.76 	   99.2 	    6.80 	    0.000000000 	    0.0 	 -999.0 	 15 Jan 2015 09:30:00 
#   24.85 	   34.26 	  100.5 	    6.86 	    0.000000000 	    0.2 	 -999.0 	 15 Jan 2015 09:45:00 
#   24.80 	   33.53 	   99.8 	    6.84 	    0.000000000 	    0.1 	 -999.0 	 15 Jan 2015 10:00:00 
#   24.75 	   31.28 	   99.1 	    6.88 	    0.485000000 	    0.1 	 -999.0 	 15 Jan 2015 10:15:00 
#   24.56 	   33.87 	   97.6 	    6.70 	    0.000000000 	    0.4 	 -999.0 	 15 Jan 2015 10:30:00 
#   24.47 	   33.94 	   98.0 	    6.74 	    0.485000000 	    0.7 	 -999.0 	 15 Jan 2015 10:45:00 
#   24.61 	   34.69 	   97.0 	    6.63 	    0.000000000 	    0.5 	 -999.0 	 15 Jan 2015 11:00:00 
#   24.26 	   33.50 	   96.6 	    6.69 	    6.855000000 	    0.6 	 -999.0 	 15 Jan 2015 11:15:00 
#   24.25 	   32.77 	   97.0 	    6.74 	    1.395000000 	    0.6 	 -999.0 	 15 Jan 2015 11:30:00 
#   24.07 	   33.02 	   97.6 	    6.79 	    0.940000000 	    0.4 	 -999.0 	 15 Jan 2015 11:45:00 
#   24.14 	   33.03 	   98.2 	    6.83 	   15.500000000 	    0.4 	 -999.0 	 15 Jan 2015 12:00:00 
#   24.17 	   33.00 	   98.5 	    6.84 	    4.125000000 	    0.4 	 -999.0 	 15 Jan 2015 12:15:00 
#   24.22 	   32.94 	   98.7 	    6.86 	    0.485000000 	    0.4 	 -999.0 	 15 Jan 2015 12:30:00 
#   24.24 	   33.00 	   98.6 	    6.84 	    0.000000000 	    0.4 	 -999.0 	 15 Jan 2015 12:45:00 
#   24.28 	   32.92 	   98.6 	    6.84 	    0.000000000 	    0.5 	 -999.0 	 15 Jan 2015 13:00:00 
#   24.45 	   32.57 	   99.0 	    6.87 	    4.125000000 	    0.5 	 -999.0 	 15 Jan 2015 13:15:00 
#   24.47 	   32.95 	   99.1 	    6.85 	    2.305000000 	    0.4 	 -999.0 	 15 Jan 2015 13:30:00 
#   24.55 	   32.89 	   99.4 	    6.87 	    0.000000000 	    0.5 	 -999.0 	 15 Jan 2015 13:45:00 
#   24.62 	   30.83 	   99.8 	    6.97 	    0.000000000 	    0.4 	 -999.0 	 15 Jan 2015 14:00:00 
#   24.67 	   33.29 	  100.4 	    6.91 	    0.000000000 	    0.3 	 -999.0 	 15 Jan 2015 14:15:00 
#   24.73 	   33.55 	  100.2 	    6.87 	    0.000000000 	    0.4 	 -999.0 	 15 Jan 2015 14:30:00 
#   24.81 	   29.85 	  100.2 	    7.01 	    0.000000000 	    0.4 	 -999.0 	 15 Jan 2015 14:45:00 
#   24.78 	   32.87 	  100.3 	    6.90 	    0.000000000 	    0.5 	 -999.0 	 15 Jan 2015 15:00:00 
#   24.79 	   33.10 	  100.6 	    6.91 	    0.000000000 	    0.6 	 -999.0 	 15 Jan 2015 15:15:00 
#   24.78 	   32.97 	  100.6 	    6.92 	    0.000000000 	    0.5 	 -999.0 	 15 Jan 2015 15:30:00 
#   24.81 	   33.20 	  101.2 	    6.95 	    0.485000000 	    0.4 	 -999.0 	 15 Jan 2015 15:45:00 
#   24.83 	   33.27 	  101.3 	    6.95 	    0.000000000 	    0.6 	 -999.0 	 15 Jan 2015 16:00:00 
#   24.85 	   33.23 	  101.4 	    6.95 	    0.485000000 	    0.5 	 -999.0 	 15 Jan 2015 16:15:00 
#   24.85 	   32.84 	  101.8 	    7.00 	    0.940000000 	    0.4 	 -999.0 	 15 Jan 2015 16:30:00 
#   24.84 	   32.72 	  103.2 	    7.10 	    0.940000000 	    0.4 	 -999.0 	 15 Jan 2015 16:45:00 
#   24.79 	   30.04 	  103.5 	    7.24 	    1.395000000 	    0.7 	 -999.0 	 15 Jan 2015 17:00:00 
#   24.77 	   32.67 	  103.4 	    7.13 	    1.395000000 	    0.6 	 -999.0 	 15 Jan 2015 17:15:00 
#   24.73 	   31.37 	  103.6 	    7.20 	    0.940000000 	    0.5 	 -999.0 	 15 Jan 2015 17:30:00 
#   24.72 	   32.43 	  103.4 	    7.14 	    1.850000000 	    0.5 	 -999.0 	 15 Jan 2015 17:45:00 
#   24.72 	   32.28 	  103.5 	    7.15 	    0.940000000 	    0.6 	 -999.0 	 15 Jan 2015 18:00:00 
#   24.71 	   31.15 	  103.5 	    7.20 	    0.485000000 	    0.3 	 -999.0 	 15 Jan 2015 18:15:00 
#   24.64 	   32.40 	  103.3 	    7.14 	    0.485000000 	    0.6 	 -999.0 	 15 Jan 2015 18:30:00 
#   24.51 	   32.15 	  103.0 	    7.15 	    0.000000000 	    0.6 	 -999.0 	 15 Jan 2015 18:45:00 
#   24.64 	   32.18 	  103.4 	    7.16 	    0.000000000 	    0.5 	 -999.0 	 15 Jan 2015 19:00:00 
#   24.73 	   32.65 	  103.5 	    7.14 	    1.395000000 	    0.6 	 -999.0 	 15 Jan 2015 19:15:00 
#   24.70 	   32.79 	  103.2 	    7.11 	    1.395000000 	    0.6 	 -999.0 	 15 Jan 2015 19:30:00 
#   24.75 	   33.22 	  103.0 	    7.08 	    0.940000000 	    0.5 	 -999.0 	 15 Jan 2015 19:45:00 
#   24.75 	   33.37 	  102.2 	    7.02 	    0.485000000 	    0.5 	 -999.0 	 15 Jan 2015 20:00:00 
#   24.77 	   33.53 	  102.0 	    7.00 	    0.940000000 	    0.7 	 -999.0 	 15 Jan 2015 20:15:00 
#   24.75 	   33.41 	  101.8 	    6.99 	    0.940000000 	    0.5 	 -999.0 	 15 Jan 2015 20:30:00 
#   24.46 	   32.69 	  102.2 	    7.08 	    0.485000000 	    0.5 	 -999.0 	 15 Jan 2015 20:45:00 
#   24.55 	   33.29 	  102.4 	    7.06 	    0.940000000 	    0.5 	 -999.0 	 15 Jan 2015 21:00:00 
#   24.64 	   33.51 	  101.7 	    6.99 	    0.000000000 	    0.4 	 -999.0 	 15 Jan 2015 21:15:00 
#   24.54 	   33.44 	  101.9 	    7.02 	    0.940000000 	    0.3 	 -999.0 	 15 Jan 2015 21:30:00 
#   24.57 	   33.60 	  101.8 	    7.00 	    0.000000000 	    0.4 	 -999.0 	 15 Jan 2015 21:45:00 
#   24.58 	   33.81 	  101.9 	    7.00 	    0.000000000 	    0.3 	 -999.0 	 15 Jan 2015 22:00:00 
#   24.58 	   33.88 	  101.5 	    6.97 	    0.485000000 	    0.3 	 -999.0 	 15 Jan 2015 22:15:00 
#   24.60 	   34.05 	  101.6 	    6.97 	    0.000000000 	    0.3 	 -999.0 	 15 Jan 2015 22:30:00 
#   24.56 	   33.93 	  101.4 	    6.96 	    0.000000000 	    0.6 	 -999.0 	 15 Jan 2015 22:45:00 
#   24.60 	   34.11 	  101.4 	    6.95 	    0.000000000 	    0.4 	 -999.0 	 15 Jan 2015 23:00:00 
#   24.62 	   34.24 	  101.4 	    6.94 	    0.000000000 	    0.4 	 -999.0 	 15 Jan 2015 23:15:00 
#   24.59 	   34.15 	  101.3 	    6.94 	    0.000000000 	    0.4 	 -999.0 	 15 Jan 2015 23:30:00 
#   24.63 	   34.22 	  101.2 	    6.93 	    0.000000000 	    0.4 	 -999.0 	 15 Jan 2015 23:45:00 
