#   24.22 	   32.93 	  102.2 	    7.10 	    0.940000000 	    0.0 	 -999.0 	 28 Jan 2015 00:00:00 
#   24.03 	   32.33 	  101.5 	    7.10 	    0.940000000 	    0.0 	 -999.0 	 28 Jan 2015 00:15:00 
#   23.85 	   32.17 	  100.9 	    7.08 	    0.940000000 	    0.0 	 -999.0 	 28 Jan 2015 00:30:00 
#   23.90 	   32.29 	  100.9 	    7.07 	    0.940000000 	    0.1 	 -999.0 	 28 Jan 2015 00:45:00 
#   23.68 	   31.68 	  100.3 	    7.08 	    0.485000000 	    0.2 	 -999.0 	 28 Jan 2015 01:00:00 
#   23.73 	   31.76 	  100.5 	    7.09 	    0.485000000 	    0.0 	 -999.0 	 28 Jan 2015 01:15:00 
#   23.79 	   31.82 	  101.0 	    7.11 	    0.940000000 	    0.1 	 -999.0 	 28 Jan 2015 01:30:00 
#   23.81 	   32.02 	  100.9 	    7.09 	    0.485000000 	    0.1 	 -999.0 	 28 Jan 2015 01:45:00 
#   23.80 	   26.45 	  100.7 	    7.31 	    0.940000000 	    0.2 	 -999.0 	 28 Jan 2015 02:00:00 
#   23.92 	   25.93 	  101.1 	    7.35 	    0.940000000 	    0.1 	 -999.0 	 28 Jan 2015 02:15:00 
#   23.92 	   25.86 	   99.5 	    7.24 	    0.485000000 	    0.1 	 -999.0 	 28 Jan 2015 02:30:00 
#   23.88 	   24.30 	   99.6 	    7.31 	    0.000000000 	    0.1 	 -999.0 	 28 Jan 2015 02:45:00 
#   23.84 	   27.32 	  100.3 	    7.24 	    0.485000000 	    0.3 	 -999.0 	 28 Jan 2015 03:00:00 
#   24.10 	   28.46 	  100.0 	    7.14 	    0.485000000 	    0.2 	 -999.0 	 28 Jan 2015 03:15:00 
#   24.23 	   28.59 	   99.7 	    7.10 	    0.485000000 	    0.0 	 -999.0 	 28 Jan 2015 03:30:00 
#   24.27 	   29.99 	  100.7 	    7.10 	    0.485000000 	    0.1 	 -999.0 	 28 Jan 2015 03:45:00 
#   24.25 	   28.24 	  103.4 	    7.37 	    1.850000000 	    0.2 	 -999.0 	 28 Jan 2015 04:00:00 
#   23.59 	   26.83 	  101.2 	    7.36 	    0.000000000 	    0.2 	 -999.0 	 28 Jan 2015 04:15:00 
#   23.75 	   25.31 	  100.4 	    7.35 	    0.000000000 	    0.0 	 -999.0 	 28 Jan 2015 04:30:00 
#   24.05 	   32.55 	   99.7 	    6.96 	    0.000000000 	    0.0 	 -999.0 	 28 Jan 2015 04:45:00 
#   23.75 	   31.64 	   99.0 	    6.98 	    0.000000000 	    0.0 	 -999.0 	 28 Jan 2015 05:00:00 
#   23.99 	   32.47 	   98.3 	    6.88 	    0.000000000 	    0.0 	 -999.0 	 28 Jan 2015 05:15:00 
#   23.90 	   31.79 	   98.2 	    6.90 	    0.000000000 	    0.0 	 -999.0 	 28 Jan 2015 05:30:00 
#   23.71 	   31.17 	   98.1 	    6.95 	    0.485000000 	    0.0 	 -999.0 	 28 Jan 2015 05:45:00 
#   23.59 	   30.72 	   97.7 	    6.95 	    0.000000000 	    0.0 	 -999.0 	 28 Jan 2015 06:00:00 
#   24.00 	   32.34 	   97.2 	    6.80 	    0.000000000 	    0.0 	 -999.0 	 28 Jan 2015 06:15:00 
#   24.16 	   32.86 	   96.9 	    6.74 	    0.000000000 	    0.0 	 -999.0 	 28 Jan 2015 06:30:00 
#   24.30 	   32.59 	   97.2 	    6.76 	    0.000000000 	    0.1 	 -999.0 	 28 Jan 2015 06:45:00 
#   23.92 	   27.34 	   98.3 	    7.09 	    0.000000000 	    0.0 	 -999.0 	 28 Jan 2015 07:00:00 
#   23.60 	   30.95 	   98.2 	    6.97 	    0.000000000 	    0.2 	 -999.0 	 28 Jan 2015 07:15:00 
#   23.74 	   31.07 	   98.0 	    6.94 	    0.000000000 	    0.2 	 -999.0 	 28 Jan 2015 07:30:00 
#   23.80 	   31.69 	   97.8 	    6.89 	    0.000000000 	    0.4 	 -999.0 	 28 Jan 2015 07:45:00 
#   23.93 	   32.16 	   97.7 	    6.85 	    0.000000000 	    0.3 	 -999.0 	 28 Jan 2015 08:00:00 
#   24.03 	   32.21 	   98.2 	    6.87 	    0.940000000 	    0.2 	 -999.0 	 28 Jan 2015 08:15:00 
#   24.24 	   33.05 	   98.7 	    6.85 	    0.485000000 	    0.2 	 -999.0 	 28 Jan 2015 08:30:00 
#   24.20 	   32.87 	   98.7 	    6.86 	    0.000000000 	    0.1 	 -999.0 	 28 Jan 2015 08:45:00 
#   24.51 	   33.86 	   98.7 	    6.78 	    0.000000000 	    0.0 	 -999.0 	 28 Jan 2015 09:00:00 
#   24.59 	   34.13 	   98.8 	    6.77 	    0.000000000 	    0.0 	 -999.0 	 28 Jan 2015 09:15:00 
#   24.65 	   34.22 	   99.5 	    6.81 	    0.000000000 	    0.0 	 -999.0 	 28 Jan 2015 09:30:00 
#   24.44 	   33.29 	   99.6 	    6.88 	    0.000000000 	    0.1 	 -999.0 	 28 Jan 2015 09:45:00 
#   24.14 	   32.62 	   98.9 	    6.89 	    0.000000000 	    0.6 	 -999.0 	 28 Jan 2015 10:00:00 
#   24.41 	   32.24 	   99.7 	    6.93 	    0.000000000 	    0.8 	 -999.0 	 28 Jan 2015 10:15:00 
#   24.42 	   32.82 	   97.8 	    6.77 	    0.000000000 	    1.2 	 -999.0 	 28 Jan 2015 10:30:00 
#   24.31 	   30.83 	   96.5 	    6.77 	    0.485000000 	    1.6 	 -999.0 	 28 Jan 2015 10:45:00 
#   24.06 	   31.13 	   97.5 	    6.86 	    0.485000000 	    1.0 	 -999.0 	 28 Jan 2015 11:00:00 
#   23.95 	   30.16 	   99.3 	    7.04 	    0.000000000 	    0.6 	 -999.0 	 28 Jan 2015 11:15:00 
#   24.02 	   32.14 	   99.3 	    6.95 	    0.485000000 	    0.8 	 -999.0 	 28 Jan 2015 11:30:00 
#   24.08 	   32.19 	   99.4 	    6.95 	    0.485000000 	    1.0 	 -999.0 	 28 Jan 2015 11:45:00 
#   23.95 	   31.48 	   99.0 	    6.96 	    0.485000000 	    0.3 	 -999.0 	 28 Jan 2015 12:00:00 
#   23.97 	   31.80 	   99.7 	    7.00 	    0.000000000 	    0.0 	 -999.0 	 28 Jan 2015 12:15:00 
#   23.30 	   30.07 	  101.7 	    7.29 	    1.395000000 	    4.8 	 -999.0 	 28 Jan 2015 12:30:00 
#   23.58 	   30.18 	  100.9 	    7.20 	    0.485000000 	    0.0 	 -999.0 	 28 Jan 2015 12:45:00 
#   23.44 	   27.35 	  101.6 	    7.39 	    0.000000000 	    0.0 	 -999.0 	 28 Jan 2015 13:00:00 
#   23.41 	   29.31 	  102.4 	    7.37 	    0.485000000 	    0.0 	 -999.0 	 28 Jan 2015 13:15:00 
#   23.67 	   30.46 	  103.5 	    7.36 	    0.000000000 	    0.0 	 -999.0 	 28 Jan 2015 13:30:00 
#   23.65 	   27.78 	  103.8 	    7.50 	    0.485000000 	    0.1 	 -999.0 	 28 Jan 2015 13:45:00 
#   23.68 	   28.77 	  103.3 	    7.42 	    0.485000000 	    0.0 	 -999.0 	 28 Jan 2015 14:00:00 
#   23.81 	   30.61 	  103.4 	    7.33 	    0.940000000 	    0.1 	 -999.0 	 28 Jan 2015 14:15:00 
#   23.96 	   30.50 	  102.9 	    7.28 	    0.940000000 	    0.0 	 -999.0 	 28 Jan 2015 14:30:00 
#   24.06 	   29.71 	  102.1 	    7.24 	    0.940000000 	    0.0 	 -999.0 	 28 Jan 2015 14:45:00 
#   24.09 	   29.92 	  102.4 	    7.25 	    0.485000000 	    0.0 	 -999.0 	 28 Jan 2015 15:00:00 
#   24.09 	   25.85 	  102.3 	    7.42 	    0.940000000 	    0.0 	 -999.0 	 28 Jan 2015 15:15:00 
#   24.15 	   29.93 	  102.7 	    7.27 	    0.940000000 	    0.1 	 -999.0 	 28 Jan 2015 15:30:00 
#   24.15 	   31.04 	  104.2 	    7.32 	    2.305000000 	    0.1 	 -999.0 	 28 Jan 2015 15:45:00 
#   24.15 	   27.23 	  104.1 	    7.48 	    2.760000000 	    0.0 	 -999.0 	 28 Jan 2015 16:00:00 
#   24.12 	   28.04 	  103.1 	    7.37 	    2.760000000 	    0.2 	 -999.0 	 28 Jan 2015 16:15:00 
#   24.13 	   29.54 	  102.7 	    7.28 	    2.760000000 	    0.2 	 -999.0 	 28 Jan 2015 16:30:00 
#   24.14 	   30.30 	  104.7 	    7.39 	    2.305000000 	    0.1 	 -999.0 	 28 Jan 2015 16:45:00 
#   23.97 	   30.08 	  105.5 	    7.48 	    3.215000000 	    0.1 	 -999.0 	 28 Jan 2015 17:00:00 
#   23.94 	   30.36 	  105.6 	    7.48 	    3.670000000 	    0.0 	 -999.0 	 28 Jan 2015 17:15:00 
#   24.01 	   30.26 	  105.9 	    7.50 	    2.305000000 	    0.0 	 -999.0 	 28 Jan 2015 17:30:00 
#   23.99 	   28.29 	  105.9 	    7.58 	    3.670000000 	    0.0 	 -999.0 	 28 Jan 2015 17:45:00 
#   24.07 	   29.91 	  106.0 	    7.51 	    3.215000000 	    0.1 	 -999.0 	 28 Jan 2015 18:00:00 
#   24.16 	   31.29 	  104.9 	    7.36 	    3.215000000 	    0.1 	 -999.0 	 28 Jan 2015 18:15:00 
#   24.07 	   31.08 	  105.3 	    7.41 	    3.670000000 	    0.0 	 -999.0 	 28 Jan 2015 18:30:00 
#   24.29 	   31.94 	  105.1 	    7.33 	    3.215000000 	    0.1 	 -999.0 	 28 Jan 2015 18:45:00 
#   24.40 	   32.25 	  104.9 	    7.29 	    3.670000000 	    0.0 	 -999.0 	 28 Jan 2015 19:00:00 
#   24.34 	   31.88 	  104.7 	    7.30 	    4.580000000 	    0.2 	 -999.0 	 28 Jan 2015 19:15:00 
#   24.07 	   31.05 	  105.5 	    7.42 	    3.670000000 	    0.0 	 -999.0 	 28 Jan 2015 19:30:00 
#   24.21 	   31.39 	  105.4 	    7.38 	    3.215000000 	    0.2 	 -999.0 	 28 Jan 2015 19:45:00 
#   24.11 	   31.01 	  105.5 	    7.42 	    3.215000000 	    0.2 	 -999.0 	 28 Jan 2015 20:00:00 
#   24.33 	   31.71 	  104.8 	    7.32 	    2.305000000 	    0.2 	 -999.0 	 28 Jan 2015 20:15:00 
#   24.24 	   31.75 	  105.6 	    7.38 	    3.670000000 	    0.1 	 -999.0 	 28 Jan 2015 20:30:00 
#   24.35 	   31.94 	  104.8 	    7.30 	    2.760000000 	    0.1 	 -999.0 	 28 Jan 2015 20:45:00 
#   24.36 	   32.09 	  105.0 	    7.31 	    3.215000000 	    0.0 	 -999.0 	 28 Jan 2015 21:00:00 
#   24.73 	   33.35 	  103.3 	    7.10 	    1.850000000 	    0.1 	 -999.0 	 28 Jan 2015 21:15:00 
#   24.83 	   33.86 	  102.7 	    7.02 	    2.305000000 	    0.1 	 -999.0 	 28 Jan 2015 21:30:00 
#   24.85 	   33.96 	  103.1 	    7.04 	    1.395000000 	    0.1 	 -999.0 	 28 Jan 2015 21:45:00 
#   24.87 	   34.05 	  104.0 	    7.10 	    0.940000000 	    0.0 	 -999.0 	 28 Jan 2015 22:00:00 
#   24.87 	   34.10 	  103.6 	    7.07 	    1.395000000 	    0.0 	 -999.0 	 28 Jan 2015 22:15:00 
#   24.90 	   34.17 	  103.1 	    7.03 	    0.940000000 	    0.0 	 -999.0 	 28 Jan 2015 22:30:00 
#   24.92 	   34.42 	  102.4 	    6.97 	    1.850000000 	    0.0 	 -999.0 	 28 Jan 2015 22:45:00 
#   24.93 	   34.39 	  101.5 	    6.91 	    0.940000000 	    0.2 	 -999.0 	 28 Jan 2015 23:00:00 
#   24.84 	   34.04 	  102.2 	    6.98 	    1.395000000 	    0.0 	 -999.0 	 28 Jan 2015 23:15:00 
#   24.55 	   33.00 	  103.1 	    7.12 	    1.395000000 	    0.1 	 -999.0 	 28 Jan 2015 23:30:00 
#   24.52 	   32.93 	  103.6 	    7.16 	    0.485000000 	    0.0 	 -999.0 	 28 Jan 2015 23:45:00 
