#   24.45 	   31.42 	  102.8 	    7.17 	    0.000000000 	    0.4 	 -999.0 	 22 Jan 2015 00:00:00 
#   24.57 	   31.96 	  102.8 	    7.14 	    0.000000000 	    0.3 	 -999.0 	 22 Jan 2015 00:15:00 
#   24.49 	   29.57 	  102.6 	    7.23 	    0.000000000 	    0.3 	 -999.0 	 22 Jan 2015 00:30:00 
#   24.36 	   33.52 	  102.4 	    7.07 	    0.000000000 	    0.4 	 -999.0 	 22 Jan 2015 00:45:00 
#   24.37 	   33.76 	  101.9 	    7.03 	    0.000000000 	    0.4 	 -999.0 	 22 Jan 2015 01:00:00 
#   24.31 	   33.90 	  101.7 	    7.01 	    0.000000000 	    0.4 	 -999.0 	 22 Jan 2015 01:15:00 
#   24.47 	   34.41 	  101.9 	    6.99 	    0.000000000 	    0.3 	 -999.0 	 22 Jan 2015 01:30:00 
#   24.37 	   34.48 	  101.2 	    6.95 	    2.305000000 	    0.2 	 -999.0 	 22 Jan 2015 01:45:00 
#   24.43 	   32.29 	  101.0 	    7.02 	    0.000000000 	    0.1 	 -999.0 	 22 Jan 2015 02:00:00 
#   24.51 	   33.23 	  101.3 	    6.98 	    0.000000000 	    0.3 	 -999.0 	 22 Jan 2015 02:15:00 
#   24.54 	   33.02 	  101.2 	    6.98 	    0.000000000 	    0.2 	 -999.0 	 22 Jan 2015 02:30:00 
#   24.59 	   35.27 	  101.4 	    6.90 	    0.000000000 	    0.3 	 -999.0 	 22 Jan 2015 02:45:00 
#   24.57 	   34.57 	  101.0 	    6.91 	    0.000000000 	    0.3 	 -999.0 	 22 Jan 2015 03:00:00 
#   24.60 	   35.25 	  101.2 	    6.89 	    0.000000000 	    0.3 	 -999.0 	 22 Jan 2015 03:15:00 
#   24.34 	   35.15 	  100.1 	    6.85 	    0.000000000 	    0.2 	 -999.0 	 22 Jan 2015 03:30:00 
#   24.56 	   35.28 	  100.6 	    6.85 	    0.000000000 	    0.2 	 -999.0 	 22 Jan 2015 03:45:00 
#   24.54 	   34.29 	  100.2 	    6.87 	    0.000000000 	    0.3 	 -999.0 	 22 Jan 2015 04:00:00 
#   24.58 	   35.50 	  100.4 	    6.83 	    0.000000000 	    0.0 	 -999.0 	 22 Jan 2015 04:15:00 
#   24.70 	   35.59 	  101.2 	    6.86 	    0.000000000 	    0.3 	 -999.0 	 22 Jan 2015 04:30:00 
#   24.62 	   35.58 	  100.3 	    6.82 	    0.000000000 	    0.3 	 -999.0 	 22 Jan 2015 04:45:00 
#   24.67 	   35.65 	  100.7 	    6.84 	    0.000000000 	    0.5 	 -999.0 	 22 Jan 2015 05:00:00 
#   24.48 	   35.33 	   99.8 	    6.80 	    0.000000000 	    0.3 	 -999.0 	 22 Jan 2015 05:15:00 
#   24.63 	   35.61 	   99.7 	    6.77 	    0.000000000 	    0.3 	 -999.0 	 22 Jan 2015 05:30:00 
#   24.51 	   35.31 	   99.5 	    6.78 	    0.000000000 	    0.5 	 -999.0 	 22 Jan 2015 05:45:00 
#   24.59 	   35.59 	   99.6 	    6.77 	    0.000000000 	    0.3 	 -999.0 	 22 Jan 2015 06:00:00 
#   24.57 	   35.61 	   99.6 	    6.77 	    0.000000000 	    0.3 	 -999.0 	 22 Jan 2015 06:15:00 
#   24.56 	   35.57 	   99.5 	    6.77 	    0.000000000 	    0.2 	 -999.0 	 22 Jan 2015 06:30:00 
#   24.49 	   34.93 	   99.8 	    6.82 	    0.000000000 	    0.3 	 -999.0 	 22 Jan 2015 06:45:00 
#   24.54 	   34.86 	  100.2 	    6.85 	    0.000000000 	    0.3 	 -999.0 	 22 Jan 2015 07:00:00 
#   24.52 	   34.79 	  100.6 	    6.88 	    0.000000000 	    0.4 	 -999.0 	 22 Jan 2015 07:15:00 
#   24.35 	   34.22 	  100.6 	    6.92 	    0.485000000 	    0.5 	 -999.0 	 22 Jan 2015 07:30:00 
#   24.50 	   34.85 	  100.8 	    6.89 	    0.000000000 	    0.3 	 -999.0 	 22 Jan 2015 07:45:00 
#   24.64 	   35.26 	  100.9 	    6.87 	    0.000000000 	    0.4 	 -999.0 	 22 Jan 2015 08:00:00 
#   24.60 	   34.79 	  101.3 	    6.92 	    0.485000000 	    0.5 	 -999.0 	 22 Jan 2015 08:15:00 
#   24.10 	   33.82 	  100.5 	    6.96 	    0.000000000 	    0.4 	 -999.0 	 22 Jan 2015 08:30:00 
#   24.41 	   34.49 	  100.5 	    6.90 	    0.000000000 	    0.4 	 -999.0 	 22 Jan 2015 08:45:00 
#   24.51 	   34.58 	  100.6 	    6.89 	    0.000000000 	    0.4 	 -999.0 	 22 Jan 2015 09:00:00 
#   24.57 	   34.93 	  100.4 	    6.85 	    0.485000000 	    0.4 	 -999.0 	 22 Jan 2015 09:15:00 
#   24.54 	   34.73 	  100.5 	    6.87 	    0.000000000 	    0.4 	 -999.0 	 22 Jan 2015 09:30:00 
#   24.62 	   34.91 	  100.5 	    6.86 	    0.000000000 	    0.6 	 -999.0 	 22 Jan 2015 09:45:00 
#   24.29 	   34.03 	  100.3 	    6.92 	    0.000000000 	    0.2 	 -999.0 	 22 Jan 2015 10:00:00 
#   24.45 	   34.29 	  100.8 	    6.92 	    0.000000000 	    0.3 	 -999.0 	 22 Jan 2015 10:15:00 
#   24.40 	   34.08 	  101.0 	    6.95 	    0.000000000 	    0.3 	 -999.0 	 22 Jan 2015 10:30:00 
#   24.37 	   33.90 	  100.6 	    6.93 	    0.000000000 	    0.3 	 -999.0 	 22 Jan 2015 10:45:00 
#   24.14 	   32.88 	  100.2 	    6.97 	    0.000000000 	    0.3 	 -999.0 	 22 Jan 2015 11:00:00 
#   24.06 	   28.69 	  100.3 	    7.15 	    0.000000000 	    0.4 	 -999.0 	 22 Jan 2015 11:15:00 
#   24.19 	   29.46 	  100.4 	    7.12 	    0.000000000 	    0.3 	 -999.0 	 22 Jan 2015 11:30:00 
#   24.41 	   29.31 	  101.3 	    7.16 	    0.000000000 	    0.4 	 -999.0 	 22 Jan 2015 11:45:00 
#   24.17 	   30.79 	  100.8 	    7.09 	    0.000000000 	    0.5 	 -999.0 	 22 Jan 2015 12:00:00 
#   23.99 	   29.49 	  100.5 	    7.15 	    0.000000000 	    0.3 	 -999.0 	 22 Jan 2015 12:15:00 
#   24.00 	   32.79 	  100.6 	    7.02 	    0.000000000 	    0.3 	 -999.0 	 22 Jan 2015 12:30:00 
#   23.96 	   32.62 	  100.8 	    7.04 	    0.000000000 	    0.3 	 -999.0 	 22 Jan 2015 12:45:00 
#   23.88 	   32.34 	  100.9 	    7.07 	    0.000000000 	    0.3 	 -999.0 	 22 Jan 2015 13:00:00 
#   24.12 	   31.69 	  100.6 	    7.05 	    0.000000000 	    0.3 	 -999.0 	 22 Jan 2015 13:15:00 
#   24.23 	   31.33 	  100.5 	    7.04 	    0.000000000 	    0.4 	 -999.0 	 22 Jan 2015 13:30:00 
#   24.30 	   30.21 	  100.4 	    7.07 	    0.000000000 	    0.3 	 -999.0 	 22 Jan 2015 13:45:00 
#   24.19 	   31.13 	  100.8 	    7.08 	    0.000000000 	    0.3 	 -999.0 	 22 Jan 2015 14:00:00 
#   24.24 	   30.92 	  100.8 	    7.08 	    0.485000000 	    0.4 	 -999.0 	 22 Jan 2015 14:15:00 
#   24.15 	   31.16 	  101.0 	    7.09 	    0.000000000 	    0.4 	 -999.0 	 22 Jan 2015 14:30:00 
#   23.93 	   31.75 	  101.5 	    7.13 	    0.000000000 	    0.3 	 -999.0 	 22 Jan 2015 14:45:00 
#   23.87 	   32.04 	  101.8 	    7.15 	    0.485000000 	    0.3 	 -999.0 	 22 Jan 2015 15:00:00 
#   23.92 	   32.10 	  102.1 	    7.16 	    0.940000000 	    0.5 	 -999.0 	 22 Jan 2015 15:15:00 
#   23.94 	   32.10 	  102.7 	    7.20 	    0.000000000 	    0.3 	 -999.0 	 22 Jan 2015 15:30:00 
#   23.94 	   32.11 	  102.6 	    7.19 	    1.395000000 	    0.4 	 -999.0 	 22 Jan 2015 15:45:00 
#   24.01 	   32.26 	  102.8 	    7.20 	    0.485000000 	    0.4 	 -999.0 	 22 Jan 2015 16:00:00 
#   24.09 	   32.33 	  102.9 	    7.19 	    0.485000000 	    0.5 	 -999.0 	 22 Jan 2015 16:15:00 
#   24.03 	   32.21 	  102.4 	    7.17 	    0.000000000 	    0.3 	 -999.0 	 22 Jan 2015 16:30:00 
#   24.05 	   32.20 	  102.7 	    7.18 	    0.485000000 	    0.4 	 -999.0 	 22 Jan 2015 16:45:00 
#   24.08 	   29.65 	  102.6 	    7.28 	    0.485000000 	    0.4 	 -999.0 	 22 Jan 2015 17:00:00 
#   24.07 	   32.08 	  102.6 	    7.18 	    0.485000000 	    0.4 	 -999.0 	 22 Jan 2015 17:15:00 
#   24.08 	   32.08 	  102.7 	    7.18 	    0.940000000 	    0.3 	 -999.0 	 22 Jan 2015 17:30:00 
#   24.13 	   31.35 	  102.5 	    7.20 	    0.485000000 	    0.3 	 -999.0 	 22 Jan 2015 17:45:00 
#   24.46 	   31.81 	  102.2 	    7.12 	    0.000000000 	    0.4 	 -999.0 	 22 Jan 2015 18:00:00 
#   24.29 	   31.98 	  102.6 	    7.15 	    0.485000000 	    0.4 	 -999.0 	 22 Jan 2015 18:15:00 
#   24.17 	   32.31 	  102.7 	    7.17 	    0.000000000 	    0.4 	 -999.0 	 22 Jan 2015 18:30:00 
#   24.20 	   32.26 	  102.9 	    7.17 	    0.940000000 	    0.4 	 -999.0 	 22 Jan 2015 18:45:00 
#   24.24 	   27.07 	  102.5 	    7.36 	    1.395000000 	    0.5 	 -999.0 	 22 Jan 2015 19:00:00 
#   24.38 	   31.43 	  102.2 	    7.14 	    0.940000000 	    0.7 	 -999.0 	 22 Jan 2015 19:15:00 
#   24.37 	   32.67 	  102.6 	    7.12 	    0.940000000 	    0.4 	 -999.0 	 22 Jan 2015 19:30:00 
#   24.40 	   29.12 	  102.7 	    7.26 	    1.395000000 	    0.2 	 -999.0 	 22 Jan 2015 19:45:00 
#   24.99 	   31.46 	  102.5 	    7.09 	    0.940000000 	    0.4 	 -999.0 	 22 Jan 2015 20:00:00 
#   24.86 	   33.85 	  102.5 	    7.00 	    0.940000000 	    0.6 	 -999.0 	 22 Jan 2015 20:15:00 
#   24.79 	   27.35 	  102.4 	    7.27 	    0.940000000 	    0.2 	 -999.0 	 22 Jan 2015 20:30:00 
#   24.64 	   30.57 	  102.9 	    7.19 	    0.940000000 	    0.3 	 -999.0 	 22 Jan 2015 20:45:00 
#   24.16 	   24.08 	  102.1 	    7.47 	    0.485000000 	    1.0 	 -999.0 	 22 Jan 2015 21:00:00 
#   24.57 	   28.85 	  102.3 	    7.23 	    1.395000000 	    0.4 	 -999.0 	 22 Jan 2015 21:15:00 
#   24.83 	   34.07 	  102.2 	    6.98 	    0.000000000 	    0.5 	 -999.0 	 22 Jan 2015 21:30:00 
#   24.85 	   29.87 	  102.0 	    7.13 	    0.000000000 	    0.4 	 -999.0 	 22 Jan 2015 21:45:00 
#   24.80 	   33.85 	  102.2 	    6.99 	    0.000000000 	    0.5 	 -999.0 	 22 Jan 2015 22:00:00 
#   24.78 	   30.52 	  102.1 	    7.12 	    0.000000000 	    0.5 	 -999.0 	 22 Jan 2015 22:15:00 
#   24.37 	   32.46 	  102.1 	    7.09 	    0.485000000 	    0.5 	 -999.0 	 22 Jan 2015 22:30:00 
#   24.76 	   33.76 	  102.3 	    7.01 	    0.000000000 	    0.3 	 -999.0 	 22 Jan 2015 22:45:00 
#   24.57 	   33.41 	  102.0 	    7.02 	    0.000000000 	    0.2 	 -999.0 	 22 Jan 2015 23:00:00 
#   24.52 	   33.27 	  102.3 	    7.05 	    0.485000000 	    0.4 	 -999.0 	 22 Jan 2015 23:15:00 
#   24.48 	   33.11 	  102.1 	    7.05 	    0.000000000 	    0.4 	 -999.0 	 22 Jan 2015 23:30:00 
#   24.53 	   33.31 	  102.3 	    7.05 	    0.000000000 	    0.5 	 -999.0 	 22 Jan 2015 23:45:00 
