#   24.39 	   27.85 	  102.1 	    7.28 	    0.000000000 	    0.4 	 -999.0 	 25 Jan 2015 00:00:00 
#   24.52 	   30.21 	  102.3 	    7.18 	    0.000000000 	    0.3 	 -999.0 	 25 Jan 2015 00:15:00 
#   24.60 	   28.25 	  102.4 	    7.26 	    0.000000000 	    0.1 	 -999.0 	 25 Jan 2015 00:30:00 
#   24.68 	   30.65 	  102.5 	    7.16 	    0.000000000 	    0.2 	 -999.0 	 25 Jan 2015 00:45:00 
#   24.72 	   28.16 	  102.4 	    7.24 	    0.000000000 	    0.0 	 -999.0 	 25 Jan 2015 01:00:00 
#   24.73 	   34.22 	  102.4 	    7.00 	    0.000000000 	    0.0 	 -999.0 	 25 Jan 2015 01:15:00 
#   24.72 	   33.96 	  102.2 	    6.99 	    0.000000000 	    0.3 	 -999.0 	 25 Jan 2015 01:30:00 
#   24.64 	   33.11 	  102.0 	    7.02 	    0.000000000 	    0.3 	 -999.0 	 25 Jan 2015 01:45:00 
#   24.62 	   28.15 	  101.8 	    7.21 	    0.000000000 	    0.2 	 -999.0 	 25 Jan 2015 02:00:00 
#   24.57 	   29.29 	  101.5 	    7.15 	    0.000000000 	    0.5 	 -999.0 	 25 Jan 2015 02:15:00 
#   24.55 	   27.76 	  101.4 	    7.22 	    0.940000000 	    0.3 	 -999.0 	 25 Jan 2015 02:30:00 
#   24.52 	   27.45 	  101.4 	    7.23 	    0.000000000 	    0.6 	 -999.0 	 25 Jan 2015 02:45:00 
#   24.52 	   27.72 	  101.1 	    7.20 	    0.000000000 	    0.5 	 -999.0 	 25 Jan 2015 03:00:00 
#   24.50 	   27.58 	  101.2 	    7.21 	    0.000000000 	    0.5 	 -999.0 	 25 Jan 2015 03:15:00 
#   24.51 	   28.16 	  101.4 	    7.20 	    0.485000000 	    0.5 	 -999.0 	 25 Jan 2015 03:30:00 
#   24.52 	   28.43 	  101.5 	    7.20 	    0.000000000 	    0.3 	 -999.0 	 25 Jan 2015 03:45:00 
#   24.49 	   28.14 	  101.4 	    7.20 	    0.000000000 	    0.5 	 -999.0 	 25 Jan 2015 04:00:00 
#   24.48 	   27.82 	  101.3 	    7.21 	    0.000000000 	    0.2 	 -999.0 	 25 Jan 2015 04:15:00 
#   24.46 	   27.70 	  101.2 	    7.21 	    0.000000000 	    0.3 	 -999.0 	 25 Jan 2015 04:30:00 
#   24.44 	   27.93 	  101.2 	    7.21 	    0.000000000 	    0.4 	 -999.0 	 25 Jan 2015 04:45:00 
#   24.43 	   28.05 	  101.1 	    7.19 	    0.485000000 	    0.4 	 -999.0 	 25 Jan 2015 05:00:00 
#   24.32 	   27.73 	  100.6 	    7.19 	    0.000000000 	    0.4 	 -999.0 	 25 Jan 2015 05:15:00 
#   24.26 	   27.63 	  100.5 	    7.19 	    0.485000000 	    0.4 	 -999.0 	 25 Jan 2015 05:30:00 
#   24.23 	   27.58 	  100.3 	    7.18 	    0.000000000 	    0.7 	 -999.0 	 25 Jan 2015 05:45:00 
#   24.22 	   27.79 	  100.6 	    7.20 	    0.000000000 	    0.3 	 -999.0 	 25 Jan 2015 06:00:00 
#   24.21 	   29.00 	  100.7 	    7.15 	    0.000000000 	    0.3 	 -999.0 	 25 Jan 2015 06:15:00 
#   24.18 	   31.46 	  100.3 	    7.03 	    0.000000000 	    0.4 	 -999.0 	 25 Jan 2015 06:30:00 
#   24.06 	   30.35 	  100.3 	    7.09 	    0.485000000 	    0.7 	 -999.0 	 25 Jan 2015 06:45:00 
#   24.06 	   26.38 	  100.3 	    7.25 	    0.000000000 	    0.6 	 -999.0 	 25 Jan 2015 07:00:00 
#   24.01 	   26.59 	  100.4 	    7.25 	    0.000000000 	    0.5 	 -999.0 	 25 Jan 2015 07:15:00 
#   24.02 	   29.63 	  100.3 	    7.12 	    0.000000000 	    0.6 	 -999.0 	 25 Jan 2015 07:30:00 
#   24.07 	   29.67 	  100.1 	    7.10 	    0.485000000 	    0.8 	 -999.0 	 25 Jan 2015 07:45:00 
#   24.12 	   31.44 	  100.1 	    7.03 	    0.000000000 	    0.4 	 -999.0 	 25 Jan 2015 08:00:00 
#   24.29 	   27.73 	   99.9 	    7.14 	    0.485000000 	    0.9 	 -999.0 	 25 Jan 2015 08:15:00 
#   24.12 	   26.22 	  100.3 	    7.25 	    0.000000000 	    0.7 	 -999.0 	 25 Jan 2015 08:30:00 
#   24.06 	   25.35 	  100.1 	    7.28 	    0.000000000 	    0.8 	 -999.0 	 25 Jan 2015 08:45:00 
#   23.99 	   24.92 	   99.9 	    7.29 	    0.000000000 	    1.0 	 -999.0 	 25 Jan 2015 09:00:00 
#   23.91 	   25.60 	  100.0 	    7.28 	    0.000000000 	    1.0 	 -999.0 	 25 Jan 2015 09:15:00 
#   23.88 	   24.52 	   99.9 	    7.33 	    0.000000000 	    1.0 	 -999.0 	 25 Jan 2015 09:30:00 
#   23.81 	   24.17 	  100.3 	    7.37 	    0.000000000 	    1.0 	 -999.0 	 25 Jan 2015 09:45:00 
#   23.80 	   25.46 	  100.1 	    7.31 	    0.000000000 	    1.0 	 -999.0 	 25 Jan 2015 10:00:00 
#   23.76 	   23.92 	  100.4 	    7.40 	    0.000000000 	    1.0 	 -999.0 	 25 Jan 2015 10:15:00 
#   23.74 	   25.01 	  100.6 	    7.37 	    0.000000000 	    1.1 	 -999.0 	 25 Jan 2015 10:30:00 
#   23.73 	   27.70 	  100.7 	    7.27 	    0.000000000 	    1.3 	 -999.0 	 25 Jan 2015 10:45:00 
#   23.76 	   27.47 	  100.7 	    7.27 	    0.000000000 	    1.5 	 -999.0 	 25 Jan 2015 11:00:00 
#   23.77 	   27.71 	  100.9 	    7.28 	    0.000000000 	    1.4 	 -999.0 	 25 Jan 2015 11:15:00 
#   23.75 	   22.44 	  101.3 	    7.54 	    0.940000000 	    1.3 	 -999.0 	 25 Jan 2015 11:30:00 
#   23.72 	   23.49 	  101.9 	    7.53 	    0.000000000 	    1.3 	 -999.0 	 25 Jan 2015 11:45:00 
#   23.70 	   24.31 	  102.0 	    7.51 	    0.485000000 	    1.6 	 -999.0 	 25 Jan 2015 12:00:00 
#   23.68 	   23.53 	  102.2 	    7.57 	    0.000000000 	    1.5 	 -999.0 	 25 Jan 2015 12:15:00 
#   23.70 	   26.97 	  102.3 	    7.42 	    0.485000000 	    1.6 	 -999.0 	 25 Jan 2015 12:30:00 
#   23.71 	   23.81 	  102.5 	    7.57 	    0.000000000 	    1.6 	 -999.0 	 25 Jan 2015 12:45:00 
#   23.80 	   27.55 	  102.9 	    7.42 	    0.940000000 	    1.4 	 -999.0 	 25 Jan 2015 13:00:00 
#   23.77 	   24.40 	  103.1 	    7.58 	    0.485000000 	    1.4 	 -999.0 	 25 Jan 2015 13:15:00 
#   23.79 	   24.41 	  103.5 	    7.61 	    1.395000000 	    1.3 	 -999.0 	 25 Jan 2015 13:30:00 
#   23.84 	   27.81 	  103.6 	    7.46 	    0.485000000 	    1.2 	 -999.0 	 25 Jan 2015 13:45:00 
#   23.87 	   25.60 	  104.1 	    7.59 	    0.940000000 	    1.1 	 -999.0 	 25 Jan 2015 14:00:00 
#   23.92 	   25.74 	  103.9 	    7.56 	    1.395000000 	    1.1 	 -999.0 	 25 Jan 2015 14:15:00 
#   23.95 	   24.91 	  104.0 	    7.60 	    1.395000000 	    1.2 	 -999.0 	 25 Jan 2015 14:30:00 
#   23.95 	   27.01 	  104.1 	    7.51 	    1.395000000 	    1.0 	 -999.0 	 25 Jan 2015 14:45:00 
#   23.97 	   28.72 	  104.3 	    7.45 	    2.305000000 	    1.1 	 -999.0 	 25 Jan 2015 15:00:00 
#   23.98 	   28.98 	  104.3 	    7.44 	    1.395000000 	    0.8 	 -999.0 	 25 Jan 2015 15:15:00 
#   23.93 	   26.09 	  104.4 	    7.58 	    2.305000000 	    1.0 	 -999.0 	 25 Jan 2015 15:30:00 
#   23.92 	   25.81 	  104.7 	    7.61 	    3.215000000 	    1.0 	 -999.0 	 25 Jan 2015 15:45:00 
#   23.68 	   22.31 	  104.5 	    7.79 	    2.760000000 	    1.0 	 -999.0 	 25 Jan 2015 16:00:00 
#   23.37 	   20.04 	  102.5 	    7.78 	    2.760000000 	    1.7 	 -999.0 	 25 Jan 2015 16:15:00 
#   23.42 	   21.43 	  102.9 	    7.74 	    1.850000000 	    2.0 	 -999.0 	 25 Jan 2015 16:30:00 
#   23.46 	   23.12 	  102.5 	    7.63 	    1.850000000 	    2.0 	 -999.0 	 25 Jan 2015 16:45:00 
#   23.52 	   21.68 	  103.1 	    7.73 	    2.760000000 	    1.8 	 -999.0 	 25 Jan 2015 17:00:00 
#   23.69 	   26.20 	  104.7 	    7.63 	    1.850000000 	    1.4 	 -999.0 	 25 Jan 2015 17:15:00 
#   23.74 	   24.63 	  104.4 	    7.67 	    2.305000000 	    1.2 	 -999.0 	 25 Jan 2015 17:30:00 
#   23.73 	   24.95 	  104.2 	    7.64 	    3.215000000 	    1.1 	 -999.0 	 25 Jan 2015 17:45:00 
#   23.71 	   27.24 	  104.1 	    7.54 	    3.670000000 	    1.2 	 -999.0 	 25 Jan 2015 18:00:00 
#   23.67 	   26.91 	  103.9 	    7.55 	    3.215000000 	    1.7 	 -999.0 	 25 Jan 2015 18:15:00 
#   23.50 	   25.55 	  103.5 	    7.59 	    2.305000000 	    1.5 	 -999.0 	 25 Jan 2015 18:30:00 
#   23.52 	   25.20 	  103.4 	    7.60 	    2.760000000 	    1.5 	 -999.0 	 25 Jan 2015 18:45:00 
#   23.42 	   24.88 	  102.5 	    7.56 	    1.850000000 	    1.5 	 -999.0 	 25 Jan 2015 19:00:00 
#   23.39 	   22.06 	  102.4 	    7.68 	    1.395000000 	    1.3 	 -999.0 	 25 Jan 2015 19:15:00 
#   23.48 	   23.67 	  102.7 	    7.62 	    1.395000000 	    1.2 	 -999.0 	 25 Jan 2015 19:30:00 
#   23.58 	   23.69 	  102.7 	    7.61 	    1.850000000 	    1.3 	 -999.0 	 25 Jan 2015 19:45:00 
#   23.57 	   24.22 	  102.7 	    7.58 	    1.395000000 	    1.2 	 -999.0 	 25 Jan 2015 20:00:00 
#   23.68 	   27.40 	  102.7 	    7.43 	    1.850000000 	    1.4 	 -999.0 	 25 Jan 2015 20:15:00 
#   23.62 	   27.11 	  102.1 	    7.41 	    1.395000000 	    1.3 	 -999.0 	 25 Jan 2015 20:30:00 
#   23.58 	   27.13 	  102.0 	    7.40 	    1.395000000 	    1.1 	 -999.0 	 25 Jan 2015 20:45:00 
#   23.54 	   26.98 	  101.8 	    7.40 	    0.940000000 	    1.2 	 -999.0 	 25 Jan 2015 21:00:00 
#   23.51 	   22.26 	  101.7 	    7.61 	    1.395000000 	    0.9 	 -999.0 	 25 Jan 2015 21:15:00 
#   23.56 	   23.83 	  101.5 	    7.51 	    0.940000000 	    1.1 	 -999.0 	 25 Jan 2015 21:30:00 
#   23.49 	   24.31 	  101.5 	    7.50 	    0.940000000 	    1.0 	 -999.0 	 25 Jan 2015 21:45:00 
#   23.51 	   24.06 	  101.9 	    7.54 	    1.850000000 	    1.0 	 -999.0 	 25 Jan 2015 22:00:00 
#   23.56 	   23.75 	  102.2 	    7.57 	    1.850000000 	    1.1 	 -999.0 	 25 Jan 2015 22:15:00 
#   23.61 	   26.72 	  102.7 	    7.47 	    1.850000000 	    0.7 	 -999.0 	 25 Jan 2015 22:30:00 
#   23.64 	   27.64 	  103.0 	    7.45 	    1.850000000 	    0.6 	 -999.0 	 25 Jan 2015 22:45:00 
#   23.54 	   25.31 	  102.4 	    7.52 	    0.940000000 	    0.7 	 -999.0 	 25 Jan 2015 23:00:00 
#   23.51 	   27.29 	  102.2 	    7.42 	    0.940000000 	    0.6 	 -999.0 	 25 Jan 2015 23:15:00 
#   23.44 	   25.87 	  102.0 	    7.48 	    0.940000000 	    0.7 	 -999.0 	 25 Jan 2015 23:30:00 
#   23.47 	   25.04 	  101.7 	    7.49 	    1.395000000 	    0.9 	 -999.0 	 25 Jan 2015 23:45:00 
