#   24.73 	   32.79 	  106.0 	    7.31 	    4.125000000 	    0.0 	 -999.0 	 30 Jan 2015 00:00:00 
#   24.76 	   33.05 	  105.7 	    7.27 	    3.215000000 	    0.1 	 -999.0 	 30 Jan 2015 00:15:00 
#   24.84 	   33.32 	  104.2 	    7.15 	    3.670000000 	    0.1 	 -999.0 	 30 Jan 2015 00:30:00 
#   24.85 	   33.52 	  103.5 	    7.09 	    3.215000000 	    0.0 	 -999.0 	 30 Jan 2015 00:45:00 
#   24.75 	   33.22 	  105.9 	    7.28 	    3.670000000 	    0.0 	 -999.0 	 30 Jan 2015 01:00:00 
#   23.99 	   31.72 	  104.8 	    7.36 	    3.670000000 	    0.0 	 -999.0 	 30 Jan 2015 01:15:00 
#   24.32 	   32.07 	  105.3 	    7.34 	    2.760000000 	    0.0 	 -999.0 	 30 Jan 2015 01:30:00 
#   24.10 	   31.70 	  104.0 	    7.29 	    2.760000000 	    0.1 	 -999.0 	 30 Jan 2015 01:45:00 
#   23.96 	   31.45 	  102.4 	    7.20 	    1.850000000 	    0.1 	 -999.0 	 30 Jan 2015 02:00:00 
#   24.05 	   31.58 	  102.9 	    7.23 	    0.000000000 	    0.1 	 -999.0 	 30 Jan 2015 02:15:00 
#   24.11 	   31.97 	  103.5 	    7.24 	    1.850000000 	    0.1 	 -999.0 	 30 Jan 2015 02:30:00 
#   24.53 	   32.72 	  103.6 	    7.17 	    1.395000000 	    0.1 	 -999.0 	 30 Jan 2015 02:45:00 
#   24.13 	   32.02 	  102.2 	    7.14 	    0.000000000 	    0.1 	 -999.0 	 30 Jan 2015 03:00:00 
#   23.72 	   31.38 	  101.6 	    7.18 	    1.395000000 	    0.0 	 -999.0 	 30 Jan 2015 03:15:00 
#   24.48 	   31.66 	  102.0 	    7.10 	    0.485000000 	    0.0 	 -999.0 	 30 Jan 2015 03:30:00 
#   23.36 	   31.26 	  101.1 	    7.20 	    1.850000000 	    0.2 	 -999.0 	 30 Jan 2015 03:45:00 
#   23.57 	   31.46 	  101.2 	    7.17 	    1.395000000 	    0.2 	 -999.0 	 30 Jan 2015 04:00:00 
#   23.77 	   31.59 	  101.4 	    7.16 	    1.395000000 	    0.1 	 -999.0 	 30 Jan 2015 04:15:00 
#   23.64 	   31.47 	  101.6 	    7.19 	    1.395000000 	    0.1 	 -999.0 	 30 Jan 2015 04:30:00 
#   24.20 	   32.59 	  101.8 	    7.09 	    0.940000000 	    0.2 	 -999.0 	 30 Jan 2015 04:45:00 
#   24.55 	   33.66 	  101.9 	    7.01 	    0.940000000 	    0.1 	 -999.0 	 30 Jan 2015 05:00:00 
#   24.63 	   33.69 	  101.9 	    7.00 	    0.940000000 	    0.0 	 -999.0 	 30 Jan 2015 05:15:00 
#   24.48 	   33.32 	  101.9 	    7.03 	    1.395000000 	    0.0 	 -999.0 	 30 Jan 2015 05:30:00 
#   24.68 	   33.81 	  101.9 	    6.98 	    1.395000000 	    0.2 	 -999.0 	 30 Jan 2015 05:45:00 
#   24.49 	   33.58 	  102.1 	    7.03 	    0.485000000 	    0.1 	 -999.0 	 30 Jan 2015 06:00:00 
#   24.29 	   33.35 	  101.4 	    7.02 	    0.485000000 	    0.2 	 -999.0 	 30 Jan 2015 06:15:00 
#   23.18 	   31.83 	  100.1 	    7.12 	    1.395000000 	    0.2 	 -999.0 	 30 Jan 2015 06:30:00 
#   23.03 	   31.75 	  100.1 	    7.14 	    0.940000000 	    0.1 	 -999.0 	 30 Jan 2015 06:45:00 
#   23.05 	   31.83 	   99.9 	    7.13 	    1.395000000 	    0.1 	 -999.0 	 30 Jan 2015 07:00:00 
#   23.34 	   32.23 	  100.2 	    7.09 	    1.395000000 	    0.0 	 -999.0 	 30 Jan 2015 07:15:00 
#   24.29 	   33.75 	  102.3 	    7.06 	    0.000000000 	    0.1 	 -999.0 	 30 Jan 2015 07:30:00 
#   24.73 	   33.29 	  102.4 	    7.04 	    1.395000000 	    0.1 	 -999.0 	 30 Jan 2015 07:45:00 
#   24.08 	   33.12 	  102.8 	    7.15 	    0.940000000 	    0.1 	 -999.0 	 30 Jan 2015 08:00:00 
#   24.21 	   33.31 	  102.2 	    7.08 	    0.485000000 	    0.1 	 -999.0 	 30 Jan 2015 08:15:00 
#   24.82 	   34.46 	  102.5 	    6.98 	    0.000000000 	    0.2 	 -999.0 	 30 Jan 2015 08:30:00 
#   24.49 	   33.90 	  102.3 	    7.04 	    0.485000000 	    0.2 	 -999.0 	 30 Jan 2015 08:45:00 
#   24.34 	   33.62 	  101.3 	    7.00 	    0.485000000 	    0.0 	 -999.0 	 30 Jan 2015 09:00:00 
#   24.56 	   33.63 	  102.8 	    7.07 	    0.940000000 	    0.0 	 -999.0 	 30 Jan 2015 09:15:00 
#   24.83 	   33.80 	  102.7 	    7.03 	    1.395000000 	 -999.0 	    0.0 	 30 Jan 2015 09:30:00 
#   24.78 	   33.57 	  103.9 	    7.12 	    0.485000000 	    0.0 	 -999.0 	 30 Jan 2015 09:45:00 
#   24.92 	   34.32 	  103.5 	    7.05 	    0.000000000 	 -999.0 	    0.0 	 30 Jan 2015 10:00:00 
#   24.81 	   33.69 	  104.4 	    7.15 	    1.395000000 	    0.0 	 -999.0 	 30 Jan 2015 10:15:00 
#   24.91 	   34.34 	  103.9 	    7.07 	    0.000000000 	 -999.0 	    0.0 	 30 Jan 2015 10:30:00 
#   24.94 	   34.50 	  104.2 	    7.09 	    0.000000000 	    0.0 	 -999.0 	 30 Jan 2015 10:45:00 
#   24.30 	   32.83 	  106.5 	    7.39 	    1.395000000 	    0.0 	 -999.0 	 30 Jan 2015 11:00:00 
#   24.34 	   32.75 	  106.5 	    7.39 	    1.850000000 	    0.0 	 -999.0 	 30 Jan 2015 11:15:00 
#   24.26 	   32.45 	  106.5 	    7.41 	    0.940000000 	    0.0 	 -999.0 	 30 Jan 2015 11:30:00 
#   24.27 	   29.69 	  106.0 	    7.49 	    1.850000000 	 -999.0 	    0.0 	 30 Jan 2015 11:45:00 
#   24.25 	   31.59 	  106.5 	    7.45 	    0.940000000 	    0.0 	 -999.0 	 30 Jan 2015 12:00:00 
#   24.07 	   30.99 	  107.6 	    7.58 	    0.940000000 	    0.0 	 -999.0 	 30 Jan 2015 12:15:00 
#   23.92 	   31.07 	  106.6 	    7.52 	    1.395000000 	    0.0 	 -999.0 	 30 Jan 2015 12:30:00 
#   23.57 	   30.64 	  106.2 	    7.56 	    1.850000000 	    0.0 	 -999.0 	 30 Jan 2015 12:45:00 
#   23.76 	   30.74 	  105.7 	    7.49 	    0.485000000 	    0.0 	 -999.0 	 30 Jan 2015 13:00:00 
#   23.62 	   30.69 	  105.0 	    7.47 	    0.940000000 	    0.2 	 -999.0 	 30 Jan 2015 13:15:00 
#   23.70 	   27.93 	  105.2 	    7.59 	    2.305000000 	    0.1 	 -999.0 	 30 Jan 2015 13:30:00 
#   23.73 	   30.92 	  105.4 	    7.47 	    1.850000000 	    0.2 	 -999.0 	 30 Jan 2015 13:45:00 
#   23.61 	   30.20 	  105.6 	    7.53 	    2.305000000 	    0.1 	 -999.0 	 30 Jan 2015 14:00:00 
#   23.60 	   30.38 	  105.4 	    7.51 	    1.850000000 	    0.3 	 -999.0 	 30 Jan 2015 14:15:00 
#   23.56 	   29.78 	  106.0 	    7.58 	    2.305000000 	    0.1 	 -999.0 	 30 Jan 2015 14:30:00 
#   23.52 	   29.34 	  106.2 	    7.62 	    2.760000000 	    0.2 	 -999.0 	 30 Jan 2015 14:45:00 
#   23.58 	   29.42 	  106.3 	    7.62 	    2.305000000 	    0.2 	 -999.0 	 30 Jan 2015 15:00:00 
#   23.82 	   30.09 	  107.9 	    7.67 	    3.215000000 	    0.2 	 -999.0 	 30 Jan 2015 15:15:00 
#   23.65 	   29.80 	  107.6 	    7.68 	    4.125000000 	    0.3 	 -999.0 	 30 Jan 2015 15:30:00 
#   23.81 	   29.58 	  107.5 	    7.67 	    5.035000000 	    0.3 	 -999.0 	 30 Jan 2015 15:45:00 
#   23.72 	   29.30 	  107.5 	    7.69 	    3.215000000 	    0.2 	 -999.0 	 30 Jan 2015 16:00:00 
#   23.62 	   29.55 	  108.0 	    7.73 	    3.670000000 	    0.2 	 -999.0 	 30 Jan 2015 16:15:00 
#   23.61 	   29.76 	  108.7 	    7.77 	    4.125000000 	    0.2 	 -999.0 	 30 Jan 2015 16:30:00 
#   23.67 	   30.05 	  108.9 	    7.76 	    4.125000000 	    0.1 	 -999.0 	 30 Jan 2015 16:45:00 
#   24.07 	   31.20 	  109.1 	    7.68 	    4.580000000 	    0.2 	 -999.0 	 30 Jan 2015 17:00:00 
#   23.64 	   29.71 	  108.4 	    7.75 	    3.670000000 	    0.0 	 -999.0 	 30 Jan 2015 17:15:00 
#   23.68 	   27.99 	  108.3 	    7.81 	    3.215000000 	    0.1 	 -999.0 	 30 Jan 2015 17:30:00 
#   23.64 	   29.58 	  108.1 	    7.73 	    2.760000000 	    0.2 	 -999.0 	 30 Jan 2015 17:45:00 
#   23.72 	   27.90 	  108.8 	    7.85 	    2.760000000 	    0.1 	 -999.0 	 30 Jan 2015 18:00:00 
#   23.65 	   27.72 	  108.6 	    7.85 	    3.215000000 	    0.2 	 -999.0 	 30 Jan 2015 18:15:00 
#   23.71 	   29.69 	  108.6 	    7.75 	    3.215000000 	    0.2 	 -999.0 	 30 Jan 2015 18:30:00 
#   23.91 	   30.35 	  109.0 	    7.72 	    3.215000000 	    0.2 	 -999.0 	 30 Jan 2015 18:45:00 
#   24.48 	   32.10 	  107.7 	    7.48 	    2.305000000 	    0.2 	 -999.0 	 30 Jan 2015 19:00:00 
#   24.71 	   33.06 	  107.1 	    7.37 	    0.940000000 	    0.2 	 -999.0 	 30 Jan 2015 19:15:00 
#   24.80 	   33.75 	  107.1 	    7.33 	    1.395000000 	    0.2 	 -999.0 	 30 Jan 2015 19:30:00 
#   24.83 	   33.82 	  107.3 	    7.34 	    1.395000000 	    0.1 	 -999.0 	 30 Jan 2015 19:45:00 
#   24.61 	   32.37 	  107.6 	    7.44 	    3.670000000 	    0.1 	 -999.0 	 30 Jan 2015 20:00:00 
#   24.73 	   33.03 	  107.9 	    7.42 	    2.305000000 	    0.2 	 -999.0 	 30 Jan 2015 20:15:00 
#   24.72 	   32.87 	  108.5 	    7.48 	    2.305000000 	    0.2 	 -999.0 	 30 Jan 2015 20:30:00 
#   24.91 	   34.10 	  106.7 	    7.28 	    1.850000000 	    0.1 	 -999.0 	 30 Jan 2015 20:45:00 
#   24.97 	   34.14 	  105.6 	    7.19 	    0.940000000 	    0.1 	 -999.0 	 30 Jan 2015 21:00:00 
#   24.96 	   34.47 	  105.8 	    7.19 	    0.940000000 	    0.2 	 -999.0 	 30 Jan 2015 21:15:00 
#   25.05 	   34.67 	  105.4 	    7.15 	    1.395000000 	    0.1 	 -999.0 	 30 Jan 2015 21:30:00 
#   24.93 	   34.34 	  105.5 	    7.18 	    0.940000000 	    0.1 	 -999.0 	 30 Jan 2015 21:45:00 
#   24.97 	   34.51 	  106.3 	    7.22 	    1.850000000 	    0.1 	 -999.0 	 30 Jan 2015 22:00:00 
#   25.08 	   34.69 	  105.0 	    7.11 	    0.485000000 	    0.1 	 -999.0 	 30 Jan 2015 22:15:00 
#   25.04 	   34.56 	  105.1 	    7.13 	    0.940000000 	    0.0 	 -999.0 	 30 Jan 2015 22:30:00 
#   25.05 	   34.55 	  104.6 	    7.10 	    0.000000000 	    0.1 	 -999.0 	 30 Jan 2015 22:45:00 
#   25.01 	   34.49 	  105.3 	    7.15 	    0.485000000 	 -999.0 	    0.0 	 30 Jan 2015 23:00:00 
#   24.99 	   34.37 	  105.0 	    7.14 	    0.000000000 	    0.0 	 -999.0 	 30 Jan 2015 23:15:00 
#   24.92 	   34.35 	  106.2 	    7.23 	    1.395000000 	 -999.0 	    0.0 	 30 Jan 2015 23:30:00 
#   24.72 	   32.93 	  107.5 	    7.40 	    1.850000000 	    0.2 	 -999.0 	 30 Jan 2015 23:45:00 
