#   24.68 	   31.57 	  100.0 	    6.94 	    1.395000000 	    0.1 	 -999.0 	 12 Jan 2015 00:00:00 
#   24.69 	   31.98 	  101.9 	    7.05 	    0.485000000 	    0.0 	 -999.0 	 12 Jan 2015 00:15:00 
#   24.63 	   31.73 	  101.8 	    7.07 	    0.485000000 	    0.1 	 -999.0 	 12 Jan 2015 00:30:00 
#   24.66 	   31.40 	  102.2 	    7.10 	    1.395000000 	    0.0 	 -999.0 	 12 Jan 2015 00:45:00 
#   24.65 	   31.67 	  103.1 	    7.16 	    1.395000000 	    0.3 	 -999.0 	 12 Jan 2015 01:00:00 
#   24.58 	   31.22 	  102.6 	    7.15 	    0.940000000 	    0.2 	 -999.0 	 12 Jan 2015 01:15:00 
#   24.65 	   31.88 	  102.4 	    7.10 	    0.485000000 	    0.1 	 -999.0 	 12 Jan 2015 01:30:00 
#   24.57 	   30.40 	  104.6 	    7.32 	    2.305000000 	    0.2 	 -999.0 	 12 Jan 2015 01:45:00 
#   24.58 	   31.26 	  102.7 	    7.15 	    0.485000000 	    0.1 	 -999.0 	 12 Jan 2015 02:00:00 
#   24.43 	   30.41 	  100.8 	    7.07 	    0.940000000 	    0.3 	 -999.0 	 12 Jan 2015 02:15:00 
#   24.56 	   30.24 	   97.5 	    6.84 	    0.000000000 	    0.1 	 -999.0 	 12 Jan 2015 02:30:00 
#   24.73 	   32.29 	   93.3 	    6.45 	    0.940000000 	    0.6 	 -999.0 	 12 Jan 2015 02:45:00 
#   24.60 	   30.87 	   97.2 	    6.78 	    0.000000000 	    0.2 	 -999.0 	 12 Jan 2015 03:00:00 
#   24.67 	   30.84 	   96.0 	    6.70 	    0.940000000 	    0.3 	 -999.0 	 12 Jan 2015 03:15:00 
#   24.78 	   31.22 	   94.6 	    6.57 	    1.850000000 	    0.5 	 -999.0 	 12 Jan 2015 03:30:00 
#   24.51 	   29.68 	  101.4 	    7.14 	    0.940000000 	    0.3 	 -999.0 	 12 Jan 2015 03:45:00 
#   24.12 	   29.76 	  101.3 	    7.18 	    0.940000000 	    0.3 	 -999.0 	 12 Jan 2015 04:00:00 
#   24.52 	   30.09 	  100.3 	    7.04 	    0.940000000 	    0.2 	 -999.0 	 12 Jan 2015 04:15:00 
#   24.17 	   29.15 	  101.7 	    7.22 	    0.940000000 	    0.2 	 -999.0 	 12 Jan 2015 04:30:00 
#   24.27 	   29.66 	  100.4 	    7.10 	    0.000000000 	    0.5 	 -999.0 	 12 Jan 2015 04:45:00 
#   24.32 	   29.26 	  101.3 	    7.17 	    1.395000000 	    0.5 	 -999.0 	 12 Jan 2015 05:00:00 
#   24.26 	   31.05 	   99.3 	    6.97 	    0.940000000 	    0.3 	 -999.0 	 12 Jan 2015 05:15:00 
#   24.08 	   31.41 	   98.3 	    6.91 	    0.940000000 	    0.2 	 -999.0 	 12 Jan 2015 05:30:00 
#   24.02 	   32.25 	   96.7 	    6.77 	    1.395000000 	    0.3 	 -999.0 	 12 Jan 2015 05:45:00 
#   24.04 	   32.55 	   96.0 	    6.71 	    0.000000000 	    0.3 	 -999.0 	 12 Jan 2015 06:00:00 
#   24.03 	   32.89 	   95.7 	    6.67 	    1.395000000 	    0.4 	 -999.0 	 12 Jan 2015 06:15:00 
#   23.99 	   33.10 	   95.4 	    6.65 	    0.485000000 	    0.4 	 -999.0 	 12 Jan 2015 06:30:00 
#   24.01 	   33.18 	   97.4 	    6.78 	    0.485000000 	    0.2 	 -999.0 	 12 Jan 2015 06:45:00 
#   23.97 	   33.17 	   96.5 	    6.72 	    0.000000000 	    0.2 	 -999.0 	 12 Jan 2015 07:00:00 
#   24.10 	   33.31 	   96.5 	    6.70 	    0.000000000 	    1.2 	 -999.0 	 12 Jan 2015 07:15:00 
#   23.85 	   33.04 	   96.9 	    6.77 	    0.000000000 	    0.1 	 -999.0 	 12 Jan 2015 07:30:00 
#   24.16 	   33.20 	   97.7 	    6.78 	    0.000000000 	    0.3 	 -999.0 	 12 Jan 2015 07:45:00 
#   24.25 	   33.04 	   99.5 	    6.90 	    0.000000000 	    0.0 	 -999.0 	 12 Jan 2015 08:00:00 
#   24.69 	   33.38 	   99.6 	    6.84 	    0.000000000 	    0.1 	 -999.0 	 12 Jan 2015 08:15:00 
#   23.89 	   32.92 	   98.1 	    6.85 	    0.000000000 	    0.1 	 -999.0 	 12 Jan 2015 08:30:00 
#   24.17 	   33.13 	   99.0 	    6.87 	    0.000000000 	    0.2 	 -999.0 	 12 Jan 2015 08:45:00 
#   24.37 	   33.36 	   98.9 	    6.83 	    0.000000000 	    0.2 	 -999.0 	 12 Jan 2015 09:00:00 
#   24.19 	   33.23 	   98.4 	    6.83 	    0.000000000 	    0.2 	 -999.0 	 12 Jan 2015 09:15:00 
#   24.12 	   32.81 	   97.5 	    6.79 	    0.000000000 	    0.4 	 -999.0 	 12 Jan 2015 09:30:00 
#   24.24 	   32.93 	   98.4 	    6.83 	    0.000000000 	    0.4 	 -999.0 	 12 Jan 2015 09:45:00 
#   24.65 	   33.74 	  100.0 	    6.86 	    0.485000000 	    0.2 	 -999.0 	 12 Jan 2015 10:00:00 
#   24.51 	   33.26 	   99.2 	    6.84 	    0.000000000 	    0.4 	 -999.0 	 12 Jan 2015 10:15:00 
#   24.29 	   30.30 	   95.7 	    6.74 	    0.485000000 	    0.6 	 -999.0 	 12 Jan 2015 10:30:00 
#   24.11 	   30.44 	   96.7 	    6.83 	    0.485000000 	    0.6 	 -999.0 	 12 Jan 2015 10:45:00 
#   23.87 	   30.05 	   98.0 	    6.96 	    0.000000000 	    0.5 	 -999.0 	 12 Jan 2015 11:00:00 
#   23.84 	   30.25 	   97.8 	    6.94 	    1.395000000 	    0.8 	 -999.0 	 12 Jan 2015 11:15:00 
#   24.05 	   30.96 	   97.6 	    6.88 	    0.940000000 	    0.6 	 -999.0 	 12 Jan 2015 11:30:00 
#   24.17 	   31.43 	   98.7 	    6.92 	    0.485000000 	    0.6 	 -999.0 	 12 Jan 2015 11:45:00 
#   23.93 	   30.57 	   99.9 	    7.07 	    0.485000000 	    0.4 	 -999.0 	 12 Jan 2015 12:00:00 
#   23.85 	   30.25 	  100.0 	    7.10 	    0.000000000 	    0.3 	 -999.0 	 12 Jan 2015 12:15:00 
#   23.75 	   29.88 	  100.5 	    7.16 	    0.485000000 	    0.2 	 -999.0 	 12 Jan 2015 12:30:00 
#   23.74 	   29.53 	  100.5 	    7.18 	    0.485000000 	    0.3 	 -999.0 	 12 Jan 2015 12:45:00 
#   23.54 	   28.41 	  100.5 	    7.25 	    0.485000000 	    0.1 	 -999.0 	 12 Jan 2015 13:00:00 
#   23.78 	   28.93 	  100.6 	    7.20 	    0.485000000 	    0.3 	 -999.0 	 12 Jan 2015 13:15:00 
#   23.72 	   29.03 	  100.2 	    7.18 	    0.940000000 	    0.2 	 -999.0 	 12 Jan 2015 13:30:00 
#   23.78 	   29.22 	  100.6 	    7.19 	    0.940000000 	    0.3 	 -999.0 	 12 Jan 2015 13:45:00 
#   23.89 	   29.65 	  101.1 	    7.20 	    1.850000000 	    0.4 	 -999.0 	 12 Jan 2015 14:00:00 
#   23.98 	   29.53 	  100.9 	    7.18 	    0.940000000 	    0.2 	 -999.0 	 12 Jan 2015 14:15:00 
#   24.06 	   29.71 	  101.1 	    7.17 	    0.940000000 	    0.2 	 -999.0 	 12 Jan 2015 14:30:00 
#   24.07 	   30.00 	  101.6 	    7.20 	    0.940000000 	    0.3 	 -999.0 	 12 Jan 2015 14:45:00 
#   24.10 	   30.14 	  101.8 	    7.20 	    1.850000000 	    0.2 	 -999.0 	 12 Jan 2015 15:00:00 
#   24.12 	   30.23 	  101.7 	    7.19 	    1.850000000 	    0.3 	 -999.0 	 12 Jan 2015 15:15:00 
#   24.11 	   30.14 	  101.7 	    7.19 	    2.305000000 	    0.3 	 -999.0 	 12 Jan 2015 15:30:00 
#   24.00 	   29.85 	  102.0 	    7.24 	    2.760000000 	    0.3 	 -999.0 	 12 Jan 2015 15:45:00 
#   24.01 	   29.60 	  101.9 	    7.24 	    3.670000000 	    0.2 	 -999.0 	 12 Jan 2015 16:00:00 
#   23.92 	   29.71 	  103.1 	    7.33 	    3.215000000 	    0.2 	 -999.0 	 12 Jan 2015 16:15:00 
#   23.86 	   29.56 	  103.4 	    7.36 	    4.580000000 	    0.1 	 -999.0 	 12 Jan 2015 16:30:00 
#   23.86 	   29.47 	  103.9 	    7.40 	    5.035000000 	    0.2 	 -999.0 	 12 Jan 2015 16:45:00 
#   23.87 	   29.63 	  102.6 	    7.30 	    4.580000000 	    0.2 	 -999.0 	 12 Jan 2015 17:00:00 
#   23.88 	   29.70 	  103.8 	    7.39 	    3.670000000 	    0.2 	 -999.0 	 12 Jan 2015 17:15:00 
#   23.87 	   29.68 	  103.4 	    7.36 	    3.670000000 	    0.2 	 -999.0 	 12 Jan 2015 17:30:00 
#   23.92 	   29.21 	  103.9 	    7.41 	    4.580000000 	    0.2 	 -999.0 	 12 Jan 2015 17:45:00 
#   23.97 	   29.34 	  104.0 	    7.40 	    3.670000000 	    0.2 	 -999.0 	 12 Jan 2015 18:00:00 
#   24.06 	   30.12 	  104.0 	    7.36 	    4.580000000 	    0.4 	 -999.0 	 12 Jan 2015 18:15:00 
#   24.00 	   29.26 	  104.1 	    7.41 	    4.580000000 	    0.1 	 -999.0 	 12 Jan 2015 18:30:00 
#   24.16 	   29.13 	  103.7 	    7.37 	    4.125000000 	    0.2 	 -999.0 	 12 Jan 2015 18:45:00 
#   24.40 	   29.01 	  103.1 	    7.30 	    3.670000000 	    0.1 	 -999.0 	 12 Jan 2015 19:00:00 
#   24.33 	   29.50 	  103.1 	    7.29 	    3.215000000 	    0.2 	 -999.0 	 12 Jan 2015 19:15:00 
#   24.09 	   29.64 	  103.1 	    7.31 	    4.580000000 	    0.6 	 -999.0 	 12 Jan 2015 19:30:00 
#   24.09 	   29.94 	  103.1 	    7.30 	    4.580000000 	    0.2 	 -999.0 	 12 Jan 2015 19:45:00 
#   24.36 	   28.27 	  102.1 	    7.27 	    3.670000000 	    0.0 	 -999.0 	 12 Jan 2015 20:00:00 
#   24.50 	   29.16 	  103.5 	    7.31 	    2.760000000 	    0.0 	 -999.0 	 12 Jan 2015 20:15:00 
#   24.53 	   28.67 	  100.5 	    7.12 	    2.760000000 	    0.1 	 -999.0 	 12 Jan 2015 20:30:00 
#   24.46 	   29.22 	  104.6 	    7.39 	    4.580000000 	    0.1 	 -999.0 	 12 Jan 2015 20:45:00 
#   24.35 	   28.19 	  101.7 	    7.24 	    2.305000000 	    0.1 	 -999.0 	 12 Jan 2015 21:00:00 
#   24.29 	   31.15 	  102.0 	    7.15 	    2.305000000 	    0.2 	 -999.0 	 12 Jan 2015 21:15:00 
#   24.27 	   31.11 	  102.2 	    7.17 	    1.850000000 	    0.0 	 -999.0 	 12 Jan 2015 21:30:00 
#   24.31 	   31.23 	  100.5 	    7.04 	    1.850000000 	    0.1 	 -999.0 	 12 Jan 2015 21:45:00 
#   24.27 	   30.94 	  100.5 	    7.05 	    1.850000000 	    0.2 	 -999.0 	 12 Jan 2015 22:00:00 
#   24.32 	   31.31 	   99.8 	    6.98 	    2.760000000 	    0.1 	 -999.0 	 12 Jan 2015 22:15:00 
#   24.27 	   30.94 	  102.5 	    7.19 	    2.305000000 	    0.1 	 -999.0 	 12 Jan 2015 22:30:00 
#   23.93 	   30.17 	  103.0 	    7.31 	    3.670000000 	    0.0 	 -999.0 	 12 Jan 2015 22:45:00 
#   24.31 	   31.68 	  101.0 	    7.05 	    2.305000000 	    0.0 	 -999.0 	 12 Jan 2015 23:00:00 
#   24.45 	   32.19 	  100.2 	    6.96 	    2.305000000 	    0.0 	 -999.0 	 12 Jan 2015 23:15:00 
#   24.63 	   32.79 	   98.3 	    6.79 	    1.395000000 	    0.0 	 -999.0 	 12 Jan 2015 23:30:00 
#   24.68 	   33.18 	   98.1 	    6.75 	    0.940000000 	    0.0 	 -999.0 	 12 Jan 2015 23:45:00 
