#   24.66 	   34.34 	  101.5 	    6.94 	    0.000000000 	    0.6 	 -999.0 	 16 Jan 2015 00:00:00 
#   24.68 	   34.45 	  101.2 	    6.91 	    0.000000000 	    0.3 	 -999.0 	 16 Jan 2015 00:15:00 
#   24.74 	   34.50 	  101.1 	    6.90 	    0.000000000 	    0.3 	 -999.0 	 16 Jan 2015 00:30:00 
#   24.74 	   34.46 	  101.2 	    6.91 	    0.000000000 	    0.4 	 -999.0 	 16 Jan 2015 00:45:00 
#   24.77 	   34.78 	  101.1 	    6.88 	    0.000000000 	    0.2 	 -999.0 	 16 Jan 2015 01:00:00 
#   24.67 	   34.19 	  101.4 	    6.94 	    0.000000000 	    0.5 	 -999.0 	 16 Jan 2015 01:15:00 
#   24.63 	   34.17 	  101.4 	    6.94 	    0.000000000 	    0.3 	 -999.0 	 16 Jan 2015 01:30:00 
#   24.45 	   33.94 	  101.0 	    6.95 	    0.000000000 	    0.3 	 -999.0 	 16 Jan 2015 01:45:00 
#   24.45 	   34.04 	  100.9 	    6.93 	    0.000000000 	    0.4 	 -999.0 	 16 Jan 2015 02:00:00 
#   24.51 	   34.20 	  101.0 	    6.93 	    0.000000000 	    0.3 	 -999.0 	 16 Jan 2015 02:15:00 
#   24.42 	   34.27 	  100.9 	    6.93 	    0.000000000 	    0.2 	 -999.0 	 16 Jan 2015 02:30:00 
#   24.51 	   34.40 	  101.3 	    6.94 	    0.000000000 	    0.2 	 -999.0 	 16 Jan 2015 02:45:00 
#   24.50 	   34.43 	  101.8 	    6.98 	    0.000000000 	    0.4 	 -999.0 	 16 Jan 2015 03:00:00 
#   24.45 	   34.49 	  101.8 	    6.98 	    0.000000000 	    0.3 	 -999.0 	 16 Jan 2015 03:15:00 
#   24.59 	   34.82 	  101.3 	    6.92 	    0.000000000 	    0.4 	 -999.0 	 16 Jan 2015 03:30:00 
#   24.66 	   34.86 	  101.3 	    6.91 	    0.000000000 	    0.4 	 -999.0 	 16 Jan 2015 03:45:00 
#   24.67 	   34.83 	  102.1 	    6.96 	    0.000000000 	    0.2 	 -999.0 	 16 Jan 2015 04:00:00 
#   24.51 	   34.76 	  101.7 	    6.95 	    0.000000000 	    0.3 	 -999.0 	 16 Jan 2015 04:15:00 
#   24.50 	   34.85 	  101.1 	    6.91 	    0.000000000 	    0.3 	 -999.0 	 16 Jan 2015 04:30:00 
#   24.52 	   34.84 	  100.9 	    6.90 	    0.000000000 	    0.4 	 -999.0 	 16 Jan 2015 04:45:00 
#   24.50 	   34.89 	  100.6 	    6.88 	    0.000000000 	    0.3 	 -999.0 	 16 Jan 2015 05:00:00 
#   24.53 	   34.98 	  100.7 	    6.88 	    0.000000000 	    0.4 	 -999.0 	 16 Jan 2015 05:15:00 
#   24.49 	   34.99 	  100.7 	    6.88 	    0.000000000 	    0.3 	 -999.0 	 16 Jan 2015 05:30:00 
#   24.47 	   35.02 	  100.5 	    6.87 	    0.000000000 	    0.4 	 -999.0 	 16 Jan 2015 05:45:00 
#   24.43 	   35.07 	  100.8 	    6.89 	    0.000000000 	    0.3 	 -999.0 	 16 Jan 2015 06:00:00 
#   24.56 	   35.16 	  100.6 	    6.86 	    0.000000000 	    0.3 	 -999.0 	 16 Jan 2015 06:15:00 
#   24.51 	   35.19 	  100.2 	    6.84 	    0.000000000 	    0.6 	 -999.0 	 16 Jan 2015 06:30:00 
#   24.45 	   35.14 	  100.2 	    6.84 	    0.000000000 	    0.4 	 -999.0 	 16 Jan 2015 06:45:00 
#   24.19 	   34.76 	  100.2 	    6.89 	    0.000000000 	    0.3 	 -999.0 	 16 Jan 2015 07:00:00 
#   24.14 	   34.67 	   99.7 	    6.87 	    0.000000000 	    0.5 	 -999.0 	 16 Jan 2015 07:15:00 
#   24.16 	   34.66 	   99.9 	    6.87 	    0.000000000 	    0.5 	 -999.0 	 16 Jan 2015 07:30:00 
#   24.08 	   34.40 	   99.5 	    6.87 	    0.000000000 	    0.4 	 -999.0 	 16 Jan 2015 07:45:00 
#   24.51 	   35.14 	  100.7 	    6.87 	    0.000000000 	    0.5 	 -999.0 	 16 Jan 2015 08:00:00 
#   24.26 	   34.77 	  100.1 	    6.88 	    0.000000000 	    0.4 	 -999.0 	 16 Jan 2015 08:15:00 
#   24.05 	   33.71 	   99.9 	    6.93 	    0.000000000 	    0.3 	 -999.0 	 16 Jan 2015 08:30:00 
#   23.99 	   33.41 	   99.4 	    6.91 	    0.000000000 	    0.4 	 -999.0 	 16 Jan 2015 08:45:00 
#   24.03 	   33.50 	   99.6 	    6.92 	    0.000000000 	    0.4 	 -999.0 	 16 Jan 2015 09:00:00 
#   24.00 	   33.90 	  100.2 	    6.95 	    0.000000000 	    0.5 	 -999.0 	 16 Jan 2015 09:15:00 
#   24.00 	   33.88 	  100.6 	    6.98 	    0.000000000 	    0.4 	 -999.0 	 16 Jan 2015 09:30:00 
#   24.03 	   33.83 	  100.6 	    6.97 	    0.000000000 	    0.5 	 -999.0 	 16 Jan 2015 09:45:00 
#   24.09 	   33.83 	  100.4 	    6.95 	    0.000000000 	    0.5 	 -999.0 	 16 Jan 2015 10:00:00 
#   24.27 	   33.70 	   99.2 	    6.85 	    0.000000000 	    0.5 	 -999.0 	 16 Jan 2015 10:15:00 
#   24.24 	   33.56 	   99.5 	    6.88 	    0.000000000 	    0.5 	 -999.0 	 16 Jan 2015 10:30:00 
#   24.19 	   33.40 	   99.5 	    6.90 	    0.000000000 	    0.5 	 -999.0 	 16 Jan 2015 10:45:00 
#   24.16 	   33.22 	   97.9 	    6.80 	    0.000000000 	    0.5 	 -999.0 	 16 Jan 2015 11:00:00 
#   24.12 	   32.97 	   98.0 	    6.82 	    0.000000000 	    0.4 	 -999.0 	 16 Jan 2015 11:15:00 
#   24.20 	   33.07 	   99.6 	    6.91 	    0.000000000 	    0.5 	 -999.0 	 16 Jan 2015 11:30:00 
#   24.13 	   32.61 	  100.6 	    7.01 	    0.000000000 	    0.5 	 -999.0 	 16 Jan 2015 11:45:00 
#   23.92 	   32.06 	  101.8 	    7.14 	    0.485000000 	    0.5 	 -999.0 	 16 Jan 2015 12:00:00 
#   24.29 	   30.20 	  101.8 	    7.17 	    0.485000000 	    0.7 	 -999.0 	 16 Jan 2015 12:15:00 
#   24.27 	   32.34 	  102.5 	    7.14 	    0.485000000 	    2.0 	 -999.0 	 16 Jan 2015 12:30:00 
#   24.22 	   28.83 	  102.3 	    7.27 	    0.000000000 	    0.7 	 -999.0 	 16 Jan 2015 12:45:00 
#   24.28 	   31.21 	  102.1 	    7.16 	    0.485000000 	    0.6 	 -999.0 	 16 Jan 2015 13:00:00 
#   24.32 	   31.92 	  102.4 	    7.14 	    0.485000000 	    0.5 	 -999.0 	 16 Jan 2015 13:15:00 
#   24.30 	   28.51 	  102.5 	    7.29 	    0.000000000 	    0.5 	 -999.0 	 16 Jan 2015 13:30:00 
#   24.28 	   28.75 	  102.8 	    7.30 	    0.000000000 	    0.5 	 -999.0 	 16 Jan 2015 13:45:00 
#   24.13 	   27.13 	  103.1 	    7.41 	    0.000000000 	    0.4 	 -999.0 	 16 Jan 2015 14:00:00 
#   24.14 	   31.86 	  103.4 	    7.23 	    0.000000000 	    0.5 	 -999.0 	 16 Jan 2015 14:15:00 
#   24.21 	   32.26 	  103.5 	    7.22 	    0.000000000 	    0.5 	 -999.0 	 16 Jan 2015 14:30:00 
#   24.36 	   31.47 	  103.3 	    7.22 	    0.000000000 	    0.5 	 -999.0 	 16 Jan 2015 14:45:00 
#   24.69 	   30.38 	  103.7 	    7.25 	    0.940000000 	    0.7 	 -999.0 	 16 Jan 2015 15:00:00 
#   24.49 	   29.19 	  102.6 	    7.25 	    0.000000000 	    0.5 	 -999.0 	 16 Jan 2015 15:15:00 
#   24.48 	   26.69 	  103.3 	    7.40 	    0.000000000 	    0.7 	 -999.0 	 16 Jan 2015 15:30:00 
#   24.49 	   29.46 	  104.0 	    7.33 	    0.940000000 	    0.6 	 -999.0 	 16 Jan 2015 15:45:00 
#   24.56 	   30.88 	  105.8 	    7.39 	    1.395000000 	    0.6 	 -999.0 	 16 Jan 2015 16:00:00 
#   24.50 	   26.86 	  105.8 	    7.57 	    1.395000000 	    0.6 	 -999.0 	 16 Jan 2015 16:15:00 
#   24.43 	   31.46 	  105.8 	    7.38 	    1.850000000 	    0.6 	 -999.0 	 16 Jan 2015 16:30:00 
#   24.44 	   30.45 	  105.9 	    7.43 	    1.395000000 	    0.6 	 -999.0 	 16 Jan 2015 16:45:00 
#   24.45 	   31.87 	  106.0 	    7.38 	    2.760000000 	    0.6 	 -999.0 	 16 Jan 2015 17:00:00 
#   24.28 	   32.23 	  106.0 	    7.38 	    3.215000000 	    0.5 	 -999.0 	 16 Jan 2015 17:15:00 
#   24.48 	   31.18 	  106.8 	    7.46 	    2.305000000 	    0.5 	 -999.0 	 16 Jan 2015 17:30:00 
#   24.46 	   30.12 	  106.1 	    7.46 	    3.215000000 	    0.6 	 -999.0 	 16 Jan 2015 17:45:00 
#   24.55 	   30.62 	  106.1 	    7.42 	    1.850000000 	    0.5 	 -999.0 	 16 Jan 2015 18:00:00 
#   24.53 	   30.96 	  105.8 	    7.39 	    1.395000000 	    0.6 	 -999.0 	 16 Jan 2015 18:15:00 
#   24.50 	   30.83 	  106.1 	    7.42 	    2.760000000 	    0.5 	 -999.0 	 16 Jan 2015 18:30:00 
#   24.42 	   32.00 	  105.4 	    7.33 	    2.305000000 	    0.3 	 -999.0 	 16 Jan 2015 18:45:00 
#   24.42 	   31.36 	  105.6 	    7.38 	    2.305000000 	    0.5 	 -999.0 	 16 Jan 2015 19:00:00 
#   24.44 	   32.42 	  105.4 	    7.31 	   10.040000000 	    0.8 	 -999.0 	 16 Jan 2015 19:15:00 
#   24.45 	   32.39 	  106.0 	    7.36 	    1.850000000 	    0.8 	 -999.0 	 16 Jan 2015 19:30:00 
#   24.48 	   31.88 	  106.0 	    7.37 	    2.760000000 	    0.5 	 -999.0 	 16 Jan 2015 19:45:00 
#   24.44 	   32.09 	  105.2 	    7.31 	    1.850000000 	    0.4 	 -999.0 	 16 Jan 2015 20:00:00 
#   24.47 	   32.63 	  104.9 	    7.27 	    2.305000000 	    0.3 	 -999.0 	 16 Jan 2015 20:15:00 
#   24.43 	   32.65 	  104.7 	    7.26 	    1.850000000 	    0.4 	 -999.0 	 16 Jan 2015 20:30:00 
#   24.42 	   32.70 	  103.9 	    7.20 	    1.850000000 	    0.3 	 -999.0 	 16 Jan 2015 20:45:00 
#   24.47 	   33.00 	  103.4 	    7.15 	    0.940000000 	    0.4 	 -999.0 	 16 Jan 2015 21:00:00 
#   24.48 	   32.11 	  103.3 	    7.18 	    0.940000000 	    0.4 	 -999.0 	 16 Jan 2015 21:15:00 
#   24.59 	   33.23 	  101.6 	    7.00 	    0.000000000 	    0.2 	 -999.0 	 16 Jan 2015 21:30:00 
#   24.57 	   33.19 	  101.4 	    6.99 	    0.000000000 	    0.3 	 -999.0 	 16 Jan 2015 21:45:00 
#   24.51 	   32.69 	  102.6 	    7.10 	    0.485000000 	    0.3 	 -999.0 	 16 Jan 2015 22:00:00 
#   24.59 	   33.20 	  102.2 	    7.04 	    0.000000000 	    0.5 	 -999.0 	 16 Jan 2015 22:15:00 
#   24.64 	   33.68 	  102.3 	    7.02 	    0.000000000 	    0.2 	 -999.0 	 16 Jan 2015 22:30:00 
#   24.57 	   33.34 	  102.8 	    7.08 	    0.000000000 	    0.3 	 -999.0 	 16 Jan 2015 22:45:00 
#   24.49 	   33.03 	  102.6 	    7.09 	    0.000000000 	    0.4 	 -999.0 	 16 Jan 2015 23:00:00 
#   24.56 	   33.60 	  102.5 	    7.05 	    0.000000000 	    0.3 	 -999.0 	 16 Jan 2015 23:15:00 
#   24.60 	   33.73 	  101.7 	    6.98 	    0.000000000 	    0.3 	 -999.0 	 16 Jan 2015 23:30:00 
#   24.64 	   33.57 	  103.1 	    7.08 	    0.000000000 	    0.2 	 -999.0 	 16 Jan 2015 23:45:00 
