#   24.19 	   31.52 	   97.9 	    6.86 	    0.485000000 	    0.8 	 -999.0 	 01 Jan 2015 00:00:00 
#   24.17 	   32.45 	   98.1 	    6.83 	    0.000000000 	    0.6 	 -999.0 	 01 Jan 2015 00:15:00 
#   24.05 	   31.78 	   98.2 	    6.88 	    0.485000000 	    0.6 	 -999.0 	 01 Jan 2015 00:30:00 
#   24.12 	   32.07 	   98.2 	    6.87 	    0.485000000 	    0.6 	 -999.0 	 01 Jan 2015 00:45:00 
#   23.83 	   31.83 	   98.6 	    6.94 	    0.000000000 	    0.6 	 -999.0 	 01 Jan 2015 01:00:00 
#   24.19 	   31.91 	   98.3 	    6.87 	    0.000000000 	    0.6 	 -999.0 	 01 Jan 2015 01:15:00 
#   24.14 	   31.78 	   96.8 	    6.77 	    0.000000000 	    0.5 	 -999.0 	 01 Jan 2015 01:30:00 
#   23.95 	   31.71 	   97.5 	    6.85 	    0.000000000 	    0.8 	 -999.0 	 01 Jan 2015 01:45:00 
#   23.85 	   31.29 	   97.9 	    6.91 	    0.000000000 	    0.6 	 -999.0 	 01 Jan 2015 02:00:00 
#   23.78 	   29.40 	   97.9 	    6.99 	    0.000000000 	    0.7 	 -999.0 	 01 Jan 2015 02:15:00 
#   23.75 	   31.55 	   98.2 	    6.93 	    0.000000000 	    0.6 	 -999.0 	 01 Jan 2015 02:30:00 
#   23.68 	   31.36 	   98.3 	    6.95 	    0.000000000 	    0.5 	 -999.0 	 01 Jan 2015 02:45:00 
#   23.69 	   31.42 	   98.1 	    6.94 	    0.940000000 	    0.8 	 -999.0 	 01 Jan 2015 03:00:00 
#   23.56 	   30.51 	   97.4 	    6.94 	    0.000000000 	    0.8 	 -999.0 	 01 Jan 2015 03:15:00 
#   23.41 	   30.22 	   97.4 	    6.97 	    0.485000000 	    0.8 	 -999.0 	 01 Jan 2015 03:30:00 
#   23.46 	   28.97 	   98.1 	    7.06 	    0.485000000 	    0.6 	 -999.0 	 01 Jan 2015 03:45:00 
#   23.22 	   26.57 	   97.1 	    7.12 	    0.485000000 	    0.6 	 -999.0 	 01 Jan 2015 04:00:00 
#   23.22 	   26.38 	   95.9 	    7.04 	    0.000000000 	    1.2 	 -999.0 	 01 Jan 2015 04:15:00 
#   22.93 	   26.42 	   96.7 	    7.13 	    0.000000000 	    1.0 	 -999.0 	 01 Jan 2015 04:30:00 
#   23.02 	   28.62 	   96.5 	    7.02 	    0.000000000 	    0.9 	 -999.0 	 01 Jan 2015 04:45:00 
#   23.46 	   30.03 	   97.7 	    6.99 	    0.940000000 	    1.0 	 -999.0 	 01 Jan 2015 05:00:00 
#   23.18 	   28.34 	   97.1 	    7.05 	    0.485000000 	    1.1 	 -999.0 	 01 Jan 2015 05:15:00 
#   23.51 	   30.15 	   97.6 	    6.97 	    0.000000000 	    1.0 	 -999.0 	 01 Jan 2015 05:30:00 
#   23.45 	   30.95 	   97.2 	    6.92 	    0.000000000 	    1.4 	 -999.0 	 01 Jan 2015 05:45:00 
#   23.18 	   30.13 	   96.5 	    6.94 	    0.000000000 	    0.9 	 -999.0 	 01 Jan 2015 06:00:00 
#   23.57 	   30.31 	   95.9 	    6.84 	    0.000000000 	    0.5 	 -999.0 	 01 Jan 2015 06:15:00 
#   23.58 	   31.06 	   95.4 	    6.77 	    0.000000000 	    0.6 	 -999.0 	 01 Jan 2015 06:30:00 
#   23.60 	   31.47 	   95.9 	    6.79 	    0.000000000 	    0.7 	 -999.0 	 01 Jan 2015 06:45:00 
#   23.49 	   28.76 	   95.1 	    6.85 	    0.000000000 	    0.6 	 -999.0 	 01 Jan 2015 07:00:00 
#   23.48 	   31.51 	   95.7 	    6.79 	    0.485000000 	    0.8 	 -999.0 	 01 Jan 2015 07:15:00 
#   23.45 	   30.60 	   96.8 	    6.90 	    0.000000000 	    0.6 	 -999.0 	 01 Jan 2015 07:30:00 
#   23.56 	   31.35 	   95.0 	    6.73 	    0.000000000 	    0.6 	 -999.0 	 01 Jan 2015 07:45:00 
#   23.41 	   31.58 	   96.3 	    6.84 	    0.000000000 	    0.7 	 -999.0 	 01 Jan 2015 08:00:00 
#   23.57 	   32.07 	   96.7 	    6.82 	    0.000000000 	    0.8 	 -999.0 	 01 Jan 2015 08:15:00 
#   23.62 	   29.41 	   96.8 	    6.93 	    0.000000000 	    0.8 	 -999.0 	 01 Jan 2015 08:30:00 
#   23.59 	   32.04 	   96.7 	    6.82 	    0.485000000 	    0.7 	 -999.0 	 01 Jan 2015 08:45:00 
#   23.73 	   32.46 	   97.1 	    6.82 	    0.000000000 	    0.8 	 -999.0 	 01 Jan 2015 09:00:00 
#   23.57 	   32.07 	   97.2 	    6.86 	    0.000000000 	    0.7 	 -999.0 	 01 Jan 2015 09:15:00 
#   23.67 	   32.17 	   96.8 	    6.82 	    0.000000000 	    0.8 	 -999.0 	 01 Jan 2015 09:30:00 
#   23.61 	   32.02 	   96.3 	    6.80 	    0.000000000 	    0.7 	 -999.0 	 01 Jan 2015 09:45:00 
#   23.79 	   32.21 	   97.0 	    6.82 	    0.000000000 	    0.7 	 -999.0 	 01 Jan 2015 10:00:00 
#   23.70 	   32.08 	   97.6 	    6.87 	    0.000000000 	    0.8 	 -999.0 	 01 Jan 2015 10:15:00 
#   23.70 	   32.20 	   97.9 	    6.89 	    0.000000000 	    0.8 	 -999.0 	 01 Jan 2015 10:30:00 
#   23.59 	   30.51 	   97.2 	    6.92 	    0.000000000 	    0.7 	 -999.0 	 01 Jan 2015 10:45:00 
#   23.75 	   31.89 	   94.9 	    6.68 	    0.000000000 	    0.7 	 -999.0 	 01 Jan 2015 11:00:00 
#   23.73 	   31.82 	   95.2 	    6.71 	    0.000000000 	    0.6 	 -999.0 	 01 Jan 2015 11:15:00 
#   23.74 	   31.71 	   93.6 	    6.60 	    0.000000000 	    0.5 	 -999.0 	 01 Jan 2015 11:30:00 
#   23.69 	   31.66 	   94.3 	    6.66 	    0.000000000 	    0.7 	 -999.0 	 01 Jan 2015 11:45:00 
#   23.66 	   31.39 	   94.4 	    6.68 	    0.000000000 	    0.6 	 -999.0 	 01 Jan 2015 12:00:00 
#   23.54 	   30.77 	   93.9 	    6.68 	    0.000000000 	    0.7 	 -999.0 	 01 Jan 2015 12:15:00 
#   23.46 	   29.98 	   93.6 	    6.70 	    0.000000000 	    0.6 	 -999.0 	 01 Jan 2015 12:30:00 
#   23.35 	   29.44 	   94.3 	    6.78 	    0.000000000 	    0.7 	 -999.0 	 01 Jan 2015 12:45:00 
#   23.09 	   29.18 	   95.6 	    6.92 	    0.000000000 	    1.1 	 -999.0 	 01 Jan 2015 13:00:00 
#   22.97 	   29.11 	   96.2 	    6.98 	    0.000000000 	    0.8 	 -999.0 	 01 Jan 2015 13:15:00 
#   23.60 	   29.52 	   97.7 	    6.99 	    0.000000000 	    0.7 	 -999.0 	 01 Jan 2015 13:30:00 
#   23.91 	   30.27 	   98.3 	    6.97 	    0.485000000 	    0.7 	 -999.0 	 01 Jan 2015 13:45:00 
#   23.87 	   30.30 	   97.7 	    6.93 	    0.000000000 	    0.8 	 -999.0 	 01 Jan 2015 14:00:00 
#   23.86 	   31.31 	   98.6 	    6.96 	    0.000000000 	    0.8 	 -999.0 	 01 Jan 2015 14:15:00 
#   24.10 	   32.48 	   98.7 	    6.89 	    0.485000000 	    0.8 	 -999.0 	 01 Jan 2015 14:30:00 
#   23.96 	   31.51 	   98.8 	    6.95 	    0.940000000 	    0.7 	 -999.0 	 01 Jan 2015 14:45:00 
#   24.02 	   30.10 	   98.1 	    6.95 	    0.000000000 	    1.0 	 -999.0 	 01 Jan 2015 15:00:00 
#   23.88 	   30.86 	   98.5 	    6.96 	    0.000000000 	    1.1 	 -999.0 	 01 Jan 2015 15:15:00 
#   23.95 	   31.29 	   99.4 	    7.00 	    1.395000000 	    0.9 	 -999.0 	 01 Jan 2015 15:30:00 
#   24.18 	   32.30 	   99.6 	    6.95 	    0.940000000 	    0.7 	 -999.0 	 01 Jan 2015 15:45:00 
#   24.25 	   32.66 	  100.8 	    7.01 	    1.395000000 	    0.8 	 -999.0 	 01 Jan 2015 16:00:00 
#   24.29 	   32.77 	  101.2 	    7.03 	    0.940000000 	    0.8 	 -999.0 	 01 Jan 2015 16:15:00 
#   24.33 	   32.82 	  101.6 	    7.05 	    1.850000000 	    0.9 	 -999.0 	 01 Jan 2015 16:30:00 
#   24.38 	   32.77 	  100.9 	    7.00 	    2.305000000 	    1.1 	 -999.0 	 01 Jan 2015 16:45:00 
#   24.64 	   33.55 	  100.2 	    6.88 	    1.395000000 	    0.7 	 -999.0 	 01 Jan 2015 17:00:00 
#   24.47 	   32.69 	  101.1 	    7.00 	    1.850000000 	    0.8 	 -999.0 	 01 Jan 2015 17:15:00 
#   24.32 	   32.24 	  101.3 	    7.05 	    0.940000000 	    0.8 	 -999.0 	 01 Jan 2015 17:30:00 
#   24.15 	   29.72 	  102.2 	    7.24 	    1.850000000 	    1.0 	 -999.0 	 01 Jan 2015 17:45:00 
#   24.14 	   30.16 	  101.8 	    7.20 	    0.940000000 	    1.1 	 -999.0 	 01 Jan 2015 18:00:00 
#   24.14 	   29.00 	  102.6 	    7.30 	    1.395000000 	    1.0 	 -999.0 	 01 Jan 2015 18:15:00 
#   24.30 	   31.86 	  102.3 	    7.14 	    0.940000000 	    1.0 	 -999.0 	 01 Jan 2015 18:30:00 
#   24.38 	   31.91 	  102.5 	    7.14 	    1.395000000 	    0.9 	 -999.0 	 01 Jan 2015 18:45:00 
#   23.92 	   27.96 	  101.6 	    7.30 	    0.940000000 	    1.0 	 -999.0 	 01 Jan 2015 19:00:00 
#   24.30 	   30.90 	  101.4 	    7.11 	    0.940000000 	    0.9 	 -999.0 	 01 Jan 2015 19:15:00 
#   24.25 	   30.18 	  102.2 	    7.21 	    0.485000000 	    0.8 	 -999.0 	 01 Jan 2015 19:30:00 
#   24.37 	   31.91 	  101.6 	    7.08 	    0.940000000 	    1.0 	 -999.0 	 01 Jan 2015 19:45:00 
#   24.38 	   32.25 	  101.5 	    7.06 	    1.395000000 	    0.8 	 -999.0 	 01 Jan 2015 20:00:00 
#   24.37 	   32.36 	  101.8 	    7.07 	    0.940000000 	    0.9 	 -999.0 	 01 Jan 2015 20:15:00 
#   24.34 	   31.58 	  100.8 	    7.04 	    0.940000000 	    0.8 	 -999.0 	 01 Jan 2015 20:30:00 
#   24.49 	   32.56 	  101.1 	    7.00 	    1.395000000 	    0.8 	 -999.0 	 01 Jan 2015 20:45:00 
#   24.50 	   29.70 	  101.6 	    7.15 	    1.395000000 	    0.8 	 -999.0 	 01 Jan 2015 21:00:00 
#   24.56 	   30.49 	  101.5 	    7.11 	    2.305000000 	    0.9 	 -999.0 	 01 Jan 2015 21:15:00 
#   24.52 	   28.28 	  101.8 	    7.23 	    1.850000000 	    0.9 	 -999.0 	 01 Jan 2015 21:30:00 
#   24.50 	   28.08 	  101.8 	    7.23 	    0.940000000 	    0.8 	 -999.0 	 01 Jan 2015 21:45:00 
#   24.49 	   27.76 	  101.7 	    7.24 	    0.940000000 	    1.1 	 -999.0 	 01 Jan 2015 22:00:00 
#   24.67 	   28.30 	  100.9 	    7.14 	    1.395000000 	    0.9 	 -999.0 	 01 Jan 2015 22:15:00 
#   24.76 	   28.11 	  101.1 	    7.15 	    1.395000000 	    0.8 	 -999.0 	 01 Jan 2015 22:30:00 
#   24.72 	   28.75 	  101.2 	    7.14 	    1.395000000 	    0.7 	 -999.0 	 01 Jan 2015 22:45:00 
#   24.33 	   27.73 	  100.6 	    7.18 	    0.485000000 	    0.9 	 -999.0 	 01 Jan 2015 23:00:00 
#   24.80 	   28.52 	  100.7 	    7.10 	    0.940000000 	    0.9 	 -999.0 	 01 Jan 2015 23:15:00 
#   24.85 	   29.08 	  100.4 	    7.05 	    0.940000000 	    0.8 	 -999.0 	 01 Jan 2015 23:30:00 
#   24.87 	   28.68 	  100.5 	    7.08 	    0.000000000 	    0.8 	 -999.0 	 01 Jan 2015 23:45:00 
