#   24.66 	   33.58 	  102.9 	    7.06 	    0.000000000 	    0.3 	 -999.0 	 17 Jan 2015 00:00:00 
#   24.68 	   33.29 	  106.3 	    7.31 	    1.395000000 	    0.4 	 -999.0 	 17 Jan 2015 00:15:00 
#   24.68 	   33.89 	  104.9 	    7.19 	    1.395000000 	    0.5 	 -999.0 	 17 Jan 2015 00:30:00 
#   24.68 	   34.01 	  104.3 	    7.14 	    0.000000000 	    0.4 	 -999.0 	 17 Jan 2015 00:45:00 
#   24.66 	   33.94 	  106.2 	    7.28 	    0.000000000 	    0.5 	 -999.0 	 17 Jan 2015 01:00:00 
#   24.77 	   34.31 	  104.8 	    7.16 	    0.000000000 	    0.3 	 -999.0 	 17 Jan 2015 01:15:00 
#   24.79 	   34.05 	  110.7 	    7.57 	    0.485000000 	    0.4 	 -999.0 	 17 Jan 2015 01:30:00 
#   24.58 	   33.47 	  105.9 	    7.29 	    0.485000000 	    0.3 	 -999.0 	 17 Jan 2015 01:45:00 
#   24.62 	   33.39 	  104.0 	    7.16 	    0.485000000 	    0.3 	 -999.0 	 17 Jan 2015 02:00:00 
#   24.57 	   33.30 	  103.7 	    7.14 	    0.000000000 	    0.4 	 -999.0 	 17 Jan 2015 02:15:00 
#   24.71 	   33.83 	  107.6 	    7.37 	    0.485000000 	    0.4 	 -999.0 	 17 Jan 2015 02:30:00 
#   24.87 	   34.49 	  103.2 	    7.02 	    0.000000000 	    0.5 	 -999.0 	 17 Jan 2015 02:45:00 
#   24.67 	   33.87 	  103.9 	    7.12 	    0.485000000 	    0.4 	 -999.0 	 17 Jan 2015 03:00:00 
#   24.72 	   33.51 	  103.8 	    7.12 	    0.000000000 	    0.5 	 -999.0 	 17 Jan 2015 03:15:00 
#   24.68 	   33.17 	  105.1 	    7.23 	    0.485000000 	    0.6 	 -999.0 	 17 Jan 2015 03:30:00 
#   24.81 	   33.64 	  103.0 	    7.06 	    0.000000000 	    0.3 	 -999.0 	 17 Jan 2015 03:45:00 
#   24.71 	   33.44 	  104.1 	    7.15 	    0.000000000 	    0.4 	 -999.0 	 17 Jan 2015 04:00:00 
#   24.91 	   33.95 	  103.1 	    7.03 	    0.485000000 	    0.3 	 -999.0 	 17 Jan 2015 04:15:00 
#   24.90 	   34.08 	  104.0 	    7.09 	    0.000000000 	    0.2 	 -999.0 	 17 Jan 2015 04:30:00 
#   24.87 	   34.33 	  103.5 	    7.05 	    0.000000000 	    0.1 	 -999.0 	 17 Jan 2015 04:45:00 
#   24.81 	   34.47 	  103.5 	    7.05 	    0.000000000 	    0.1 	 -999.0 	 17 Jan 2015 05:00:00 
#   24.91 	   34.34 	  104.3 	    7.10 	    0.000000000 	    0.2 	 -999.0 	 17 Jan 2015 05:15:00 
#   24.70 	   33.60 	  105.8 	    7.26 	    0.485000000 	    0.4 	 -999.0 	 17 Jan 2015 05:30:00 
#   24.10 	   33.03 	  103.7 	    7.21 	    0.940000000 	    0.4 	 -999.0 	 17 Jan 2015 05:45:00 
#   24.14 	   33.39 	  103.1 	    7.15 	    0.000000000 	    0.4 	 -999.0 	 17 Jan 2015 06:00:00 
#   24.21 	   33.50 	  102.8 	    7.12 	    0.000000000 	    0.5 	 -999.0 	 17 Jan 2015 06:15:00 
#   24.13 	   33.52 	  102.1 	    7.08 	    0.485000000 	    0.5 	 -999.0 	 17 Jan 2015 06:30:00 
#   24.21 	   33.68 	  102.1 	    7.07 	    0.485000000 	    0.5 	 -999.0 	 17 Jan 2015 06:45:00 
#   23.90 	   33.36 	  101.5 	    7.07 	    0.000000000 	    0.4 	 -999.0 	 17 Jan 2015 07:00:00 
#   23.94 	   33.48 	  101.8 	    7.08 	    0.485000000 	    0.4 	 -999.0 	 17 Jan 2015 07:15:00 
#   23.88 	   33.42 	  100.7 	    7.02 	    0.000000000 	    0.9 	 -999.0 	 17 Jan 2015 07:30:00 
#   23.82 	   33.35 	  100.5 	    7.01 	    0.000000000 	    0.4 	 -999.0 	 17 Jan 2015 07:45:00 
#   23.91 	   33.51 	  100.1 	    6.97 	    0.000000000 	    0.5 	 -999.0 	 17 Jan 2015 08:00:00 
#   23.97 	   32.60 	  101.0 	    7.06 	    0.000000000 	    0.5 	 -999.0 	 17 Jan 2015 08:15:00 
#   24.17 	   33.89 	  101.6 	    7.03 	    0.000000000 	    0.6 	 -999.0 	 17 Jan 2015 08:30:00 
#   24.29 	   34.18 	  101.8 	    7.01 	    0.000000000 	    1.2 	 -999.0 	 17 Jan 2015 08:45:00 
#   24.17 	   34.06 	  101.1 	    6.98 	    0.000000000 	    0.4 	 -999.0 	 17 Jan 2015 09:00:00 
#   24.20 	   34.04 	  100.6 	    6.95 	    0.940000000 	    0.4 	 -999.0 	 17 Jan 2015 09:15:00 
#   24.29 	   34.25 	  101.4 	    6.98 	    0.000000000 	    0.5 	 -999.0 	 17 Jan 2015 09:30:00 
#   24.16 	   34.02 	  101.6 	    7.02 	    0.000000000 	    0.3 	 -999.0 	 17 Jan 2015 09:45:00 
#   24.49 	   34.51 	  103.2 	    7.07 	    0.000000000 	    0.4 	 -999.0 	 17 Jan 2015 10:00:00 
#   24.26 	   34.16 	  103.6 	    7.14 	    0.000000000 	    0.3 	 -999.0 	 17 Jan 2015 10:15:00 
#   24.35 	   34.09 	  103.6 	    7.13 	    0.000000000 	    0.5 	 -999.0 	 17 Jan 2015 10:30:00 
#   24.28 	   33.58 	  104.0 	    7.19 	    0.000000000 	    0.4 	 -999.0 	 17 Jan 2015 10:45:00 
#   24.77 	   34.78 	  104.0 	    7.08 	    0.485000000 	    0.3 	 -999.0 	 17 Jan 2015 11:00:00 
#   24.69 	   34.49 	  104.0 	    7.10 	    0.000000000 	    0.4 	 -999.0 	 17 Jan 2015 11:15:00 
#   24.55 	   34.16 	  104.2 	    7.15 	    0.000000000 	    0.4 	 -999.0 	 17 Jan 2015 11:30:00 
#   24.43 	   28.58 	  103.6 	    7.35 	    4.580000000 	    0.3 	 -999.0 	 17 Jan 2015 11:45:00 
#   24.35 	   32.62 	  103.8 	    7.21 	    0.000000000 	    0.4 	 -999.0 	 17 Jan 2015 12:00:00 
#   24.29 	   29.05 	  103.6 	    7.35 	    3.215000000 	    0.6 	 -999.0 	 17 Jan 2015 12:15:00 
#   24.28 	   29.51 	  103.3 	    7.30 	    2.305000000 	    0.5 	 -999.0 	 17 Jan 2015 12:30:00 
#   24.27 	   31.13 	  103.0 	    7.22 	    0.485000000 	    0.6 	 -999.0 	 17 Jan 2015 12:45:00 
#   24.30 	   27.77 	  102.6 	    7.33 	    0.000000000 	    0.8 	 -999.0 	 17 Jan 2015 13:00:00 
#   24.33 	   32.06 	  102.8 	    7.16 	    0.485000000 	    0.7 	 -999.0 	 17 Jan 2015 13:15:00 
#   24.30 	   31.29 	  102.7 	    7.19 	    0.000000000 	    0.5 	 -999.0 	 17 Jan 2015 13:30:00 
#   24.35 	   32.17 	  102.9 	    7.16 	    0.485000000 	    0.5 	 -999.0 	 17 Jan 2015 13:45:00 
#   24.29 	   32.17 	  102.8 	    7.16 	    0.000000000 	    0.4 	 -999.0 	 17 Jan 2015 14:00:00 
#   24.37 	   32.34 	  103.0 	    7.16 	    0.000000000 	    0.5 	 -999.0 	 17 Jan 2015 14:15:00 
#   24.39 	   32.35 	  103.5 	    7.19 	    0.000000000 	    0.5 	 -999.0 	 17 Jan 2015 14:30:00 
#   24.37 	   32.18 	  103.7 	    7.22 	    0.000000000 	    0.5 	 -999.0 	 17 Jan 2015 14:45:00 
#   24.39 	   32.20 	  104.0 	    7.23 	    0.485000000 	    0.6 	 -999.0 	 17 Jan 2015 15:00:00 
#   24.41 	   32.13 	  104.4 	    7.26 	    0.940000000 	    0.5 	 -999.0 	 17 Jan 2015 15:15:00 
#   24.42 	   32.11 	  104.6 	    7.27 	    1.850000000 	    0.6 	 -999.0 	 17 Jan 2015 15:30:00 
#   24.43 	   31.73 	  105.0 	    7.31 	    1.850000000 	    0.6 	 -999.0 	 17 Jan 2015 15:45:00 
#   24.42 	   32.28 	  104.7 	    7.27 	    1.395000000 	    0.5 	 -999.0 	 17 Jan 2015 16:00:00 
#   24.44 	   29.65 	  105.1 	    7.41 	    1.395000000 	    0.6 	 -999.0 	 17 Jan 2015 16:15:00 
#   24.43 	   32.17 	  105.4 	    7.33 	    1.850000000 	    0.6 	 -999.0 	 17 Jan 2015 16:30:00 
#   24.43 	   32.15 	  105.5 	    7.33 	    1.850000000 	    0.6 	 -999.0 	 17 Jan 2015 16:45:00 
#   24.26 	   31.44 	  105.4 	    7.38 	    2.760000000 	    0.6 	 -999.0 	 17 Jan 2015 17:00:00 
#   24.31 	   31.44 	  105.7 	    7.39 	    1.395000000 	    0.6 	 -999.0 	 17 Jan 2015 17:15:00 
#   24.34 	   30.96 	  106.2 	    7.44 	    2.305000000 	    0.7 	 -999.0 	 17 Jan 2015 17:30:00 
#   24.39 	   30.79 	  106.3 	    7.45 	    3.215000000 	    0.8 	 -999.0 	 17 Jan 2015 17:45:00 
#   24.44 	   30.88 	  106.1 	    7.43 	    1.395000000 	    0.8 	 -999.0 	 17 Jan 2015 18:00:00 
#   24.40 	   28.45 	  105.5 	    7.49 	    1.395000000 	    0.8 	 -999.0 	 17 Jan 2015 18:15:00 
#   24.44 	   28.98 	  105.7 	    7.48 	    1.850000000 	    0.6 	 -999.0 	 17 Jan 2015 18:30:00 
#   24.46 	   29.72 	  106.2 	    7.48 	    0.940000000 	    0.7 	 -999.0 	 17 Jan 2015 18:45:00 
#   24.46 	   29.87 	  105.5 	    7.42 	    2.305000000 	    0.6 	 -999.0 	 17 Jan 2015 19:00:00 
#   24.42 	   29.85 	  105.3 	    7.42 	    1.850000000 	    0.5 	 -999.0 	 17 Jan 2015 19:15:00 
#   24.43 	   29.70 	  105.2 	    7.42 	    1.850000000 	    0.7 	 -999.0 	 17 Jan 2015 19:30:00 
#   24.43 	   31.60 	  105.5 	    7.36 	    2.305000000 	    0.6 	 -999.0 	 17 Jan 2015 19:45:00 
#   24.46 	   31.90 	  105.4 	    7.34 	    2.305000000 	    0.7 	 -999.0 	 17 Jan 2015 20:00:00 
#   24.61 	   31.78 	  105.6 	    7.33 	    0.940000000 	    0.6 	 -999.0 	 17 Jan 2015 20:15:00 
#   24.66 	   32.18 	  106.3 	    7.36 	    1.395000000 	    0.5 	 -999.0 	 17 Jan 2015 20:30:00 
#   24.54 	   31.57 	  106.0 	    7.38 	    0.485000000 	    0.5 	 -999.0 	 17 Jan 2015 20:45:00 
#   24.63 	   32.06 	  108.2 	    7.50 	    1.395000000 	    0.5 	 -999.0 	 17 Jan 2015 21:00:00 
#   24.93 	   32.77 	  113.6 	    7.80 	    0.940000000 	    0.3 	 -999.0 	 17 Jan 2015 21:15:00 
#   24.92 	   31.83 	  109.3 	    7.55 	    0.485000000 	    0.5 	 -999.0 	 17 Jan 2015 21:30:00 
#   24.88 	   31.15 	  109.0 	    7.56 	    1.395000000 	    0.2 	 -999.0 	 17 Jan 2015 21:45:00 
#   24.83 	   31.62 	  108.6 	    7.52 	    0.940000000 	    0.5 	 -999.0 	 17 Jan 2015 22:00:00 
#   24.62 	   31.98 	  103.8 	    7.20 	    0.000000000 	    0.4 	 -999.0 	 17 Jan 2015 22:15:00 
#   24.56 	   31.78 	  103.9 	    7.22 	    0.000000000 	    0.3 	 -999.0 	 17 Jan 2015 22:30:00 
#   24.42 	   30.01 	  103.7 	    7.30 	    0.940000000 	    0.2 	 -999.0 	 17 Jan 2015 22:45:00 
#   24.43 	   32.31 	  104.5 	    7.26 	    0.485000000 	    0.5 	 -999.0 	 17 Jan 2015 23:00:00 
#   24.41 	   32.38 	  103.5 	    7.19 	    0.000000000 	    0.3 	 -999.0 	 17 Jan 2015 23:15:00 
#   24.57 	   33.29 	  103.0 	    7.10 	    0.000000000 	    0.4 	 -999.0 	 17 Jan 2015 23:30:00 
#   24.67 	   33.75 	  103.2 	    7.08 	    0.000000000 	    0.3 	 -999.0 	 17 Jan 2015 23:45:00 
