#   24.61 	   33.23 	  103.5 	    7.13 	    1.395000000 	    0.0 	 -999.0 	 29 Jan 2015 00:00:00 
#   24.75 	   33.72 	  103.6 	    7.10 	    0.940000000 	    0.0 	 -999.0 	 29 Jan 2015 00:15:00 
#   24.82 	   34.09 	  101.2 	    6.91 	    0.940000000 	    0.2 	 -999.0 	 29 Jan 2015 00:30:00 
#   24.95 	   34.79 	  100.0 	    6.78 	    1.395000000 	    0.0 	 -999.0 	 29 Jan 2015 00:45:00 
#   24.91 	   34.31 	  102.5 	    6.98 	    0.485000000 	    0.1 	 -999.0 	 29 Jan 2015 01:00:00 
#   24.80 	   33.78 	  103.2 	    7.06 	    0.000000000 	    0.0 	 -999.0 	 29 Jan 2015 01:15:00 
#   24.53 	   33.26 	  102.7 	    7.08 	    0.940000000 	    0.0 	 -999.0 	 29 Jan 2015 01:30:00 
#   24.28 	   33.25 	  100.9 	    6.99 	    0.485000000 	    0.0 	 -999.0 	 29 Jan 2015 01:45:00 
#   24.10 	   33.04 	  100.5 	    6.99 	    0.000000000 	    0.0 	 -999.0 	 29 Jan 2015 02:00:00 
#   24.24 	   33.40 	  100.5 	    6.96 	    0.485000000 	    0.2 	 -999.0 	 29 Jan 2015 02:15:00 
#   24.12 	   33.26 	  101.2 	    7.03 	    0.485000000 	    0.0 	 -999.0 	 29 Jan 2015 02:30:00 
#   23.94 	   33.24 	  100.3 	    6.99 	    0.940000000 	    0.0 	 -999.0 	 29 Jan 2015 02:45:00 
#   24.03 	   33.40 	  100.4 	    6.98 	    1.395000000 	    0.0 	 -999.0 	 29 Jan 2015 03:00:00 
#   24.01 	   33.42 	  100.5 	    6.98 	    0.485000000 	    0.0 	 -999.0 	 29 Jan 2015 03:15:00 
#   24.19 	   33.62 	  100.9 	    6.99 	    0.000000000 	    0.2 	 -999.0 	 29 Jan 2015 03:30:00 
#   24.06 	   33.52 	  100.5 	    6.98 	    0.485000000 	    0.2 	 -999.0 	 29 Jan 2015 03:45:00 
#   24.02 	   33.63 	   99.7 	    6.92 	    0.485000000 	    0.1 	 -999.0 	 29 Jan 2015 04:00:00 
#   24.19 	   33.80 	  100.5 	    6.95 	    0.000000000 	    0.2 	 -999.0 	 29 Jan 2015 04:15:00 
#   24.02 	   33.51 	   99.0 	    6.88 	    0.000000000 	    0.0 	 -999.0 	 29 Jan 2015 04:30:00 
#   24.15 	   33.46 	   99.2 	    6.88 	    0.485000000 	    0.0 	 -999.0 	 29 Jan 2015 04:45:00 
#   24.17 	   33.28 	   99.1 	    6.88 	    0.000000000 	    0.0 	 -999.0 	 29 Jan 2015 05:00:00 
#   24.08 	   32.88 	   99.5 	    6.93 	    0.485000000 	    0.0 	 -999.0 	 29 Jan 2015 05:15:00 
#   23.83 	   32.73 	   96.2 	    6.73 	    0.485000000 	    0.7 	 -999.0 	 29 Jan 2015 05:30:00 
#   23.95 	   32.98 	   97.0 	    6.77 	    0.485000000 	    0.6 	 -999.0 	 29 Jan 2015 05:45:00 
#   23.79 	   32.88 	   96.0 	    6.72 	    0.000000000 	    0.8 	 -999.0 	 29 Jan 2015 06:00:00 
#   23.82 	   33.09 	   96.4 	    6.73 	    0.000000000 	    0.5 	 -999.0 	 29 Jan 2015 06:15:00 
#   23.86 	   33.20 	   96.9 	    6.76 	    1.395000000 	    0.5 	 -999.0 	 29 Jan 2015 06:30:00 
#   23.55 	   31.92 	   95.5 	    6.75 	    1.395000000 	    0.6 	 -999.0 	 29 Jan 2015 06:45:00 
#   24.16 	   33.59 	   97.0 	    6.72 	    0.000000000 	    0.5 	 -999.0 	 29 Jan 2015 07:00:00 
#   24.28 	   33.81 	   97.1 	    6.70 	    0.940000000 	    0.4 	 -999.0 	 29 Jan 2015 07:15:00 
#   24.21 	   33.57 	   97.8 	    6.77 	    0.940000000 	    0.3 	 -999.0 	 29 Jan 2015 07:30:00 
#   24.17 	   33.47 	   96.9 	    6.72 	    0.485000000 	    0.3 	 -999.0 	 29 Jan 2015 07:45:00 
#   24.16 	   33.51 	   96.7 	    6.70 	    0.940000000 	    0.4 	 -999.0 	 29 Jan 2015 08:00:00 
#   24.17 	   33.58 	   96.1 	    6.65 	    0.940000000 	    0.6 	 -999.0 	 29 Jan 2015 08:15:00 
#   24.30 	   33.82 	   96.1 	    6.63 	    0.940000000 	    0.5 	 -999.0 	 29 Jan 2015 08:30:00 
#   24.36 	   33.89 	   94.9 	    6.54 	    0.940000000 	    0.6 	 -999.0 	 29 Jan 2015 08:45:00 
#   24.43 	   33.95 	   95.7 	    6.58 	    0.485000000 	    0.5 	 -999.0 	 29 Jan 2015 09:00:00 
#   24.35 	   33.84 	   95.7 	    6.60 	    0.485000000 	    0.4 	 -999.0 	 29 Jan 2015 09:15:00 
#   24.35 	   33.82 	   96.6 	    6.66 	    0.000000000 	    0.3 	 -999.0 	 29 Jan 2015 09:30:00 
#   24.58 	   33.69 	  100.7 	    6.92 	    0.485000000 	    0.0 	 -999.0 	 29 Jan 2015 09:45:00 
#   24.55 	   29.94 	  100.6 	    7.07 	    0.485000000 	    0.0 	 -999.0 	 29 Jan 2015 10:00:00 
#   24.60 	   33.82 	  101.6 	    6.97 	    0.000000000 	    0.0 	 -999.0 	 29 Jan 2015 10:15:00 
#   24.34 	   33.32 	   98.7 	    6.83 	    0.000000000 	    0.1 	 -999.0 	 29 Jan 2015 10:30:00 
#   24.57 	   33.72 	  100.5 	    6.90 	    0.000000000 	    0.0 	 -999.0 	 29 Jan 2015 10:45:00 
#   24.49 	   33.39 	  100.8 	    6.95 	    0.000000000 	    0.0 	 -999.0 	 29 Jan 2015 11:00:00 
#   24.56 	   33.61 	  100.8 	    6.93 	    0.000000000 	    0.1 	 -999.0 	 29 Jan 2015 11:15:00 
#   24.64 	   33.66 	  100.4 	    6.89 	    0.485000000 	    0.0 	 -999.0 	 29 Jan 2015 11:30:00 
#   24.72 	   33.64 	  100.9 	    6.92 	    0.940000000 	    0.1 	 -999.0 	 29 Jan 2015 11:45:00 
#   24.10 	   29.12 	  101.4 	    7.22 	    0.000000000 	    0.0 	 -999.0 	 29 Jan 2015 12:00:00 
#   23.92 	   30.01 	  101.8 	    7.22 	    0.940000000 	    0.0 	 -999.0 	 29 Jan 2015 12:15:00 
#   23.80 	   30.79 	  102.2 	    7.24 	    0.000000000 	    0.0 	 -999.0 	 29 Jan 2015 12:30:00 
#   23.96 	   31.31 	  102.6 	    7.23 	    0.000000000 	    0.0 	 -999.0 	 29 Jan 2015 12:45:00 
#   24.09 	   31.42 	  102.8 	    7.22 	    0.000000000 	    0.1 	 -999.0 	 29 Jan 2015 13:00:00 
#   24.40 	   32.20 	  102.9 	    7.15 	    0.940000000 	    0.0 	 -999.0 	 29 Jan 2015 13:15:00 
#   24.53 	   32.69 	  103.5 	    7.16 	    1.850000000 	    0.0 	 -999.0 	 29 Jan 2015 13:30:00 
#   24.73 	   33.22 	  103.8 	    7.13 	    1.850000000 	    0.0 	 -999.0 	 29 Jan 2015 13:45:00 
#   24.88 	   33.67 	  103.7 	    7.09 	    0.000000000 	    0.0 	 -999.0 	 29 Jan 2015 14:00:00 
#   24.99 	   34.12 	  104.1 	    7.09 	    1.395000000 	    0.0 	 -999.0 	 29 Jan 2015 14:15:00 
#   24.89 	   34.06 	  104.8 	    7.15 	    1.395000000 	    0.0 	 -999.0 	 29 Jan 2015 14:30:00 
#   24.88 	   34.08 	  104.5 	    7.13 	    1.395000000 	    0.1 	 -999.0 	 29 Jan 2015 14:45:00 
#   24.87 	   34.13 	  104.7 	    7.14 	    0.485000000 	    0.0 	 -999.0 	 29 Jan 2015 15:00:00 
#   24.82 	   34.01 	  104.8 	    7.16 	    1.395000000 	    0.1 	 -999.0 	 29 Jan 2015 15:15:00 
#   24.79 	   33.84 	  104.8 	    7.17 	    1.395000000 	    0.1 	 -999.0 	 29 Jan 2015 15:30:00 
#   24.80 	   33.85 	  104.7 	    7.16 	    1.395000000 	    0.1 	 -999.0 	 29 Jan 2015 15:45:00 
#   24.82 	   33.97 	  104.8 	    7.16 	    0.940000000 	    0.1 	 -999.0 	 29 Jan 2015 16:00:00 
#   24.82 	   32.82 	  105.1 	    7.23 	    2.305000000 	    0.1 	 -999.0 	 29 Jan 2015 16:15:00 
#   24.81 	   33.96 	  104.9 	    7.17 	    1.395000000 	    0.1 	 -999.0 	 29 Jan 2015 16:30:00 
#   24.83 	   31.74 	  105.1 	    7.27 	    2.305000000 	    0.1 	 -999.0 	 29 Jan 2015 16:45:00 
#   24.72 	   33.05 	  106.7 	    7.34 	    0.000000000 	    0.1 	 -999.0 	 29 Jan 2015 17:00:00 
#   24.74 	   33.28 	  105.5 	    7.25 	    1.395000000 	    0.0 	 -999.0 	 29 Jan 2015 17:15:00 
#   24.75 	   33.00 	  105.8 	    7.28 	    0.000000000 	    0.0 	 -999.0 	 29 Jan 2015 17:30:00 
#   24.68 	   32.84 	  106.2 	    7.32 	    2.305000000 	    0.1 	 -999.0 	 29 Jan 2015 17:45:00 
#   24.67 	   32.40 	  106.1 	    7.34 	    0.940000000 	    0.0 	 -999.0 	 29 Jan 2015 18:00:00 
#   24.68 	   32.06 	  106.3 	    7.36 	    1.395000000 	    0.0 	 -999.0 	 29 Jan 2015 18:15:00 
#   24.65 	   31.66 	  106.3 	    7.38 	    1.395000000 	    0.0 	 -999.0 	 29 Jan 2015 18:30:00 
#   24.60 	   31.13 	  106.1 	    7.40 	    1.850000000 	    0.0 	 -999.0 	 29 Jan 2015 18:45:00 
#   24.60 	   31.36 	  105.8 	    7.37 	    2.305000000 	    0.1 	 -999.0 	 29 Jan 2015 19:00:00 
#   24.70 	   32.08 	  105.7 	    7.32 	    1.395000000 	    0.0 	 -999.0 	 29 Jan 2015 19:15:00 
#   24.78 	   32.61 	  105.0 	    7.23 	    2.305000000 	    0.0 	 -999.0 	 29 Jan 2015 19:30:00 
#   24.84 	   33.20 	  104.6 	    7.18 	    2.305000000 	    0.0 	 -999.0 	 29 Jan 2015 19:45:00 
#   24.90 	   33.89 	  104.6 	    7.14 	    1.850000000 	    0.0 	 -999.0 	 29 Jan 2015 20:00:00 
#   24.93 	   34.16 	  104.6 	    7.12 	    1.395000000 	    0.1 	 -999.0 	 29 Jan 2015 20:15:00 
#   24.92 	   34.00 	  104.6 	    7.14 	    1.395000000 	    0.0 	 -999.0 	 29 Jan 2015 20:30:00 
#   24.84 	   33.31 	  105.0 	    7.20 	    1.850000000 	    0.0 	 -999.0 	 29 Jan 2015 20:45:00 
#   24.81 	   33.07 	  104.9 	    7.21 	    2.305000000 	    0.1 	 -999.0 	 29 Jan 2015 21:00:00 
#   24.93 	   33.75 	  104.1 	    7.11 	    2.305000000 	    0.0 	 -999.0 	 29 Jan 2015 21:15:00 
#   24.82 	   32.96 	  104.5 	    7.18 	    2.760000000 	    0.1 	 -999.0 	 29 Jan 2015 21:30:00 
#   24.96 	   33.94 	  102.8 	    7.01 	    1.395000000 	    0.2 	 -999.0 	 29 Jan 2015 21:45:00 
#   24.95 	   33.84 	  102.7 	    7.01 	    2.305000000 	    0.0 	 -999.0 	 29 Jan 2015 22:00:00 
#   24.88 	   33.56 	  104.3 	    7.14 	    2.760000000 	    0.1 	 -999.0 	 29 Jan 2015 22:15:00 
#   24.86 	   33.25 	  104.0 	    7.13 	    2.760000000 	    0.1 	 -999.0 	 29 Jan 2015 22:30:00 
#   24.80 	   32.82 	  105.4 	    7.25 	    4.580000000 	    0.0 	 -999.0 	 29 Jan 2015 22:45:00 
#   24.70 	   32.43 	  105.9 	    7.32 	    5.490000000 	    0.2 	 -999.0 	 29 Jan 2015 23:00:00 
#   24.81 	   32.99 	  104.8 	    7.20 	    3.670000000 	    0.2 	 -999.0 	 29 Jan 2015 23:15:00 
#   24.83 	   33.18 	  103.5 	    7.10 	    5.035000000 	    0.3 	 -999.0 	 29 Jan 2015 23:30:00 
#   24.88 	   33.44 	  104.9 	    7.18 	    2.760000000 	    0.3 	 -999.0 	 29 Jan 2015 23:45:00 
