#   24.05 	   28.64 	  102.7 	    7.33 	    2.305000000 	    0.9 	 -999.0 	 07 Jan 2015 00:00:00 
#   23.94 	   32.05 	  103.2 	    7.24 	    2.305000000 	    1.0 	 -999.0 	 07 Jan 2015 00:15:00 
#   23.58 	   27.04 	  102.7 	    7.46 	    2.305000000 	    0.7 	 -999.0 	 07 Jan 2015 00:30:00 
#   23.54 	   28.37 	  103.7 	    7.48 	    2.760000000 	    0.7 	 -999.0 	 07 Jan 2015 00:45:00 
#   24.11 	   28.87 	  103.9 	    7.40 	    2.760000000 	    0.8 	 -999.0 	 07 Jan 2015 01:00:00 
#   23.91 	   27.53 	  103.7 	    7.47 	    1.395000000 	    0.8 	 -999.0 	 07 Jan 2015 01:15:00 
#   24.06 	   29.30 	  105.2 	    7.48 	    2.760000000 	    0.6 	 -999.0 	 07 Jan 2015 01:30:00 
#   23.91 	   27.56 	  106.7 	    7.68 	    4.125000000 	    0.6 	 -999.0 	 07 Jan 2015 01:45:00 
#   23.49 	   28.44 	  104.7 	    7.55 	    2.760000000 	    0.6 	 -999.0 	 07 Jan 2015 02:00:00 
#   23.32 	   28.11 	  104.2 	    7.56 	    2.760000000 	    0.4 	 -999.0 	 07 Jan 2015 02:15:00 
#   23.46 	   29.00 	  104.1 	    7.49 	    2.760000000 	    0.8 	 -999.0 	 07 Jan 2015 02:30:00 
#   22.95 	   30.28 	  103.2 	    7.44 	    2.305000000 	    0.8 	 -999.0 	 07 Jan 2015 02:45:00 
#   22.75 	   29.50 	  102.5 	    7.45 	    2.305000000 	    0.9 	 -999.0 	 07 Jan 2015 03:00:00 
#   22.45 	   27.57 	  100.4 	    7.42 	    1.850000000 	    1.1 	 -999.0 	 07 Jan 2015 03:15:00 
#   23.00 	   25.78 	  100.9 	    7.46 	    0.940000000 	    0.9 	 -999.0 	 07 Jan 2015 03:30:00 
#   22.98 	   26.31 	  101.7 	    7.50 	    2.305000000 	    0.8 	 -999.0 	 07 Jan 2015 03:45:00 
#   23.17 	   26.26 	  102.2 	    7.51 	    2.305000000 	    0.9 	 -999.0 	 07 Jan 2015 04:00:00 
#   23.14 	   26.89 	  102.9 	    7.54 	    2.305000000 	    0.8 	 -999.0 	 07 Jan 2015 04:15:00 
#   23.17 	   26.58 	  102.8 	    7.55 	    1.850000000 	    0.8 	 -999.0 	 07 Jan 2015 04:30:00 
#   23.14 	   26.87 	  102.6 	    7.52 	    1.395000000 	    0.9 	 -999.0 	 07 Jan 2015 04:45:00 
#   23.08 	   29.87 	  101.0 	    7.28 	    1.850000000 	    1.1 	 -999.0 	 07 Jan 2015 05:00:00 
#   23.00 	   29.48 	  100.8 	    7.29 	    2.760000000 	    1.3 	 -999.0 	 07 Jan 2015 05:15:00 
#   22.98 	   29.61 	  100.9 	    7.30 	    2.760000000 	    1.2 	 -999.0 	 07 Jan 2015 05:30:00 
#   22.96 	   29.43 	  100.5 	    7.28 	    1.850000000 	    1.4 	 -999.0 	 07 Jan 2015 05:45:00 
#   23.01 	   25.67 	  100.2 	    7.41 	    2.305000000 	    1.6 	 -999.0 	 07 Jan 2015 06:00:00 
#   23.07 	   26.96 	  100.1 	    7.34 	    1.850000000 	    1.5 	 -999.0 	 07 Jan 2015 06:15:00 
#   22.97 	   29.18 	   99.7 	    7.23 	    1.850000000 	    1.4 	 -999.0 	 07 Jan 2015 06:30:00 
#   22.79 	   29.32 	  100.1 	    7.28 	    1.395000000 	    1.6 	 -999.0 	 07 Jan 2015 06:45:00 
#   22.68 	   29.11 	   99.9 	    7.28 	    0.940000000 	    1.6 	 -999.0 	 07 Jan 2015 07:00:00 
#   22.89 	   29.86 	  100.6 	    7.28 	    0.940000000 	    1.4 	 -999.0 	 07 Jan 2015 07:15:00 
#   22.67 	   29.43 	   99.6 	    7.25 	    1.395000000 	    1.4 	 -999.0 	 07 Jan 2015 07:30:00 
#   22.68 	   29.53 	   99.7 	    7.25 	    1.395000000 	    1.4 	 -999.0 	 07 Jan 2015 07:45:00 
#   22.82 	   29.69 	  100.0 	    7.25 	    1.395000000 	    1.6 	 -999.0 	 07 Jan 2015 08:00:00 
#   22.87 	   30.21 	   99.6 	    7.19 	    1.395000000 	    1.8 	 -999.0 	 07 Jan 2015 08:15:00 
#   23.07 	   30.63 	  100.0 	    7.18 	    1.395000000 	    1.8 	 -999.0 	 07 Jan 2015 08:30:00 
#   23.23 	   31.08 	  100.2 	    7.16 	    2.760000000 	    1.8 	 -999.0 	 07 Jan 2015 08:45:00 
#   23.20 	   30.33 	  100.7 	    7.22 	    1.395000000 	    1.7 	 -999.0 	 07 Jan 2015 09:00:00 
#   23.28 	   31.17 	  101.0 	    7.21 	    2.305000000 	    2.0 	 -999.0 	 07 Jan 2015 09:15:00 
#   23.32 	   31.32 	  101.2 	    7.21 	    1.850000000 	    2.0 	 -999.0 	 07 Jan 2015 09:30:00 
#   23.30 	   31.27 	  101.7 	    7.24 	    1.395000000 	    1.8 	 -999.0 	 07 Jan 2015 09:45:00 
#   23.42 	   31.46 	  102.2 	    7.26 	    1.395000000 	    2.1 	 -999.0 	 07 Jan 2015 10:00:00 
#   23.46 	   29.28 	  102.2 	    7.35 	    1.395000000 	    1.9 	 -999.0 	 07 Jan 2015 10:15:00 
#   23.61 	   31.82 	  102.2 	    7.22 	    1.850000000 	    2.4 	 -999.0 	 07 Jan 2015 10:30:00 
#   23.61 	   31.80 	  102.7 	    7.26 	    1.850000000 	    2.6 	 -999.0 	 07 Jan 2015 10:45:00 
#   23.63 	   31.88 	  103.0 	    7.27 	    1.850000000 	    2.1 	 -999.0 	 07 Jan 2015 11:00:00 
#   23.61 	   31.98 	  103.3 	    7.29 	    2.305000000 	    2.0 	 -999.0 	 07 Jan 2015 11:15:00 
#   23.63 	   31.72 	  103.6 	    7.32 	    1.395000000 	    1.8 	 -999.0 	 07 Jan 2015 11:30:00 
#   23.67 	   32.13 	  104.2 	    7.34 	    2.760000000 	    1.6 	 -999.0 	 07 Jan 2015 11:45:00 
#   23.75 	   30.97 	  104.5 	    7.40 	    2.760000000 	    1.8 	 -999.0 	 07 Jan 2015 12:00:00 
#   23.77 	   32.20 	  104.9 	    7.37 	    2.305000000 	    1.7 	 -999.0 	 07 Jan 2015 12:15:00 
#   23.76 	   32.42 	  105.5 	    7.41 	    3.215000000 	    1.4 	 -999.0 	 07 Jan 2015 12:30:00 
#   23.78 	   32.25 	  106.0 	    7.44 	    2.760000000 	    0.9 	 -999.0 	 07 Jan 2015 12:45:00 
#   23.81 	   30.48 	  106.1 	    7.53 	    1.850000000 	    0.8 	 -999.0 	 07 Jan 2015 13:00:00 
#   23.71 	   31.42 	  106.8 	    7.55 	    2.760000000 	    1.0 	 -999.0 	 07 Jan 2015 13:15:00 
#   23.29 	   30.18 	  107.9 	    7.73 	    3.670000000 	    1.7 	 -999.0 	 07 Jan 2015 13:30:00 
#   23.28 	   30.11 	  109.1 	    7.83 	    3.215000000 	    2.0 	 -999.0 	 07 Jan 2015 13:45:00 
#   23.09 	   26.78 	  108.1 	    7.93 	    3.215000000 	    1.6 	 -999.0 	 07 Jan 2015 14:00:00 
#   23.08 	   24.50 	  109.1 	    8.11 	    2.305000000 	    2.3 	 -999.0 	 07 Jan 2015 14:15:00 
#   23.14 	   26.68 	  110.1 	    8.07 	    2.760000000 	    2.2 	 -999.0 	 07 Jan 2015 14:30:00 
#   23.22 	   26.60 	  110.5 	    8.10 	    2.760000000 	    2.0 	 -999.0 	 07 Jan 2015 14:45:00 
#   23.28 	   29.79 	  111.4 	    8.01 	    4.580000000 	    2.1 	 -999.0 	 07 Jan 2015 15:00:00 
#   23.33 	   27.35 	  112.1 	    8.16 	    3.215000000 	    1.7 	 -999.0 	 07 Jan 2015 15:15:00 
#   23.34 	   26.73 	  112.4 	    8.21 	    3.670000000 	    2.1 	 -999.0 	 07 Jan 2015 15:30:00 
#   23.35 	   25.58 	  112.4 	    8.27 	    3.215000000 	    1.9 	 -999.0 	 07 Jan 2015 15:45:00 
#   23.38 	   26.61 	  113.0 	    8.26 	    3.670000000 	    1.6 	 -999.0 	 07 Jan 2015 16:00:00 
#   23.36 	   28.64 	  113.7 	    8.21 	    4.580000000 	    1.9 	 -999.0 	 07 Jan 2015 16:15:00 
#   23.26 	   27.25 	  114.2 	    8.33 	    5.035000000 	    1.7 	 -999.0 	 07 Jan 2015 16:30:00 
#   23.23 	   29.05 	  112.7 	    8.15 	    5.035000000 	    1.4 	 -999.0 	 07 Jan 2015 16:45:00 
#   23.19 	   26.40 	  112.6 	    8.27 	    5.035000000 	    1.2 	 -999.0 	 07 Jan 2015 17:00:00 
#   23.18 	   29.15 	  111.9 	    8.09 	    4.125000000 	    1.2 	 -999.0 	 07 Jan 2015 17:15:00 
#   23.15 	   29.18 	  112.5 	    8.14 	    5.035000000 	    1.2 	 -999.0 	 07 Jan 2015 17:30:00 
#   23.12 	   28.94 	  112.9 	    8.18 	    4.125000000 	    1.1 	 -999.0 	 07 Jan 2015 17:45:00 
#   23.15 	   26.06 	  116.7 	    8.59 	    4.125000000 	    1.4 	 -999.0 	 07 Jan 2015 18:00:00 
#   22.91 	   27.89 	  114.5 	    8.38 	    3.215000000 	    1.4 	 -999.0 	 07 Jan 2015 18:15:00 
#   22.91 	   27.51 	  113.1 	    8.29 	    3.215000000 	    1.3 	 -999.0 	 07 Jan 2015 18:30:00 
#   23.10 	   28.08 	  116.8 	    8.51 	    3.215000000 	    1.4 	 -999.0 	 07 Jan 2015 18:45:00 
#   23.14 	   28.78 	  115.4 	    8.36 	    4.125000000 	    1.1 	 -999.0 	 07 Jan 2015 19:00:00 
#   23.06 	   25.58 	  113.3 	    8.38 	    3.215000000 	    1.3 	 -999.0 	 07 Jan 2015 19:15:00 
#   23.03 	   27.04 	  113.6 	    8.33 	    3.670000000 	    1.1 	 -999.0 	 07 Jan 2015 19:30:00 
#   23.06 	   28.85 	  116.8 	    8.48 	    5.035000000 	    1.0 	 -999.0 	 07 Jan 2015 19:45:00 
#   23.13 	   28.62 	  118.4 	    8.59 	    5.490000000 	    1.2 	 -999.0 	 07 Jan 2015 20:00:00 
#   23.16 	   28.60 	  117.0 	    8.48 	    5.035000000 	    1.0 	 -999.0 	 07 Jan 2015 20:15:00 
#   23.21 	   29.39 	  115.9 	    8.36 	    5.490000000 	    0.9 	 -999.0 	 07 Jan 2015 20:30:00 
#   23.24 	   27.90 	  113.1 	    8.23 	    4.125000000 	    1.0 	 -999.0 	 07 Jan 2015 20:45:00 
#   23.23 	   30.16 	  113.6 	    8.16 	    4.125000000 	    1.0 	 -999.0 	 07 Jan 2015 21:00:00 
#   23.38 	   30.81 	  108.1 	    7.71 	    3.215000000 	    1.2 	 -999.0 	 07 Jan 2015 21:15:00 
#   23.24 	   27.17 	  109.2 	    7.97 	    2.760000000 	    1.0 	 -999.0 	 07 Jan 2015 21:30:00 
#   23.41 	   28.89 	  108.7 	    7.84 	    3.215000000 	    1.0 	 -999.0 	 07 Jan 2015 21:45:00 
#   23.55 	   28.62 	  109.1 	    7.86 	    3.215000000 	    0.9 	 -999.0 	 07 Jan 2015 22:00:00 
#   23.40 	   27.00 	  110.0 	    8.02 	    3.215000000 	    0.9 	 -999.0 	 07 Jan 2015 22:15:00 
#   23.42 	   27.48 	  112.8 	    8.20 	    4.580000000 	    1.3 	 -999.0 	 07 Jan 2015 22:30:00 
#   23.24 	   29.20 	  105.8 	    7.63 	    1.850000000 	    1.7 	 -999.0 	 07 Jan 2015 22:45:00 
#   23.21 	   27.02 	  104.5 	    7.64 	    1.395000000 	    1.7 	 -999.0 	 07 Jan 2015 23:00:00 
#   23.24 	   26.30 	  104.5 	    7.67 	    1.850000000 	    1.7 	 -999.0 	 07 Jan 2015 23:15:00 
#   23.32 	   26.91 	  106.5 	    7.78 	    3.670000000 	    1.5 	 -999.0 	 07 Jan 2015 23:30:00 
#   23.54 	   27.38 	  112.9 	    8.19 	    4.125000000 	    1.0 	 -999.0 	 07 Jan 2015 23:45:00 
