#   24.25 	   29.55 	   99.9 	    7.07 	    0.000000000 	    0.4 	 -999.0 	 04 Jan 2015 00:00:00 
#   24.15 	   29.28 	   99.8 	    7.09 	    0.000000000 	    0.5 	 -999.0 	 04 Jan 2015 00:15:00 
#   24.51 	   32.69 	   99.9 	    6.91 	    0.000000000 	    0.2 	 -999.0 	 04 Jan 2015 00:30:00 
#   24.24 	   31.60 	  100.1 	    7.00 	    0.000000000 	    0.4 	 -999.0 	 04 Jan 2015 00:45:00 
#   24.20 	   29.18 	   99.9 	    7.09 	    0.000000000 	    0.5 	 -999.0 	 04 Jan 2015 01:00:00 
#   24.42 	   31.39 	  100.3 	    7.00 	    0.000000000 	    0.2 	 -999.0 	 04 Jan 2015 01:15:00 
#   24.52 	   32.03 	  100.2 	    6.96 	    0.000000000 	    0.2 	 -999.0 	 04 Jan 2015 01:30:00 
#   24.33 	   29.91 	  100.2 	    7.07 	    0.000000000 	    0.4 	 -999.0 	 04 Jan 2015 01:45:00 
#   24.36 	   29.31 	  100.2 	    7.09 	    0.000000000 	    0.2 	 -999.0 	 04 Jan 2015 02:00:00 
#   24.39 	   29.70 	  100.0 	    7.05 	    0.000000000 	    0.2 	 -999.0 	 04 Jan 2015 02:15:00 
#   24.47 	   29.71 	  100.2 	    7.06 	    0.000000000 	    0.2 	 -999.0 	 04 Jan 2015 02:30:00 
#   23.98 	   28.88 	   99.7 	    7.12 	    0.000000000 	    0.6 	 -999.0 	 04 Jan 2015 02:45:00 
#   23.92 	   30.95 	  100.1 	    7.07 	    0.000000000 	    0.5 	 -999.0 	 04 Jan 2015 03:00:00 
#   24.32 	   31.32 	   99.7 	    6.98 	    0.000000000 	    0.4 	 -999.0 	 04 Jan 2015 03:15:00 
#   24.11 	   30.48 	   99.5 	    7.02 	    0.000000000 	    0.3 	 -999.0 	 04 Jan 2015 03:30:00 
#   24.22 	   31.25 	   99.6 	    6.99 	    0.485000000 	    0.7 	 -999.0 	 04 Jan 2015 03:45:00 
#   23.67 	   28.53 	   99.5 	    7.15 	    0.000000000 	    0.5 	 -999.0 	 04 Jan 2015 04:00:00 
#   23.92 	   28.13 	   99.4 	    7.14 	    0.000000000 	    0.4 	 -999.0 	 04 Jan 2015 04:15:00 
#   24.34 	   30.00 	   99.1 	    6.99 	    0.000000000 	    0.3 	 -999.0 	 04 Jan 2015 04:30:00 
#   24.42 	   31.56 	   99.8 	    6.97 	    0.000000000 	    0.2 	 -999.0 	 04 Jan 2015 04:45:00 
#   24.35 	   31.74 	   99.3 	    6.93 	    0.000000000 	    0.4 	 -999.0 	 04 Jan 2015 05:00:00 
#   24.39 	   31.63 	   99.1 	    6.91 	    0.000000000 	    0.4 	 -999.0 	 04 Jan 2015 05:15:00 
#   24.37 	   31.44 	   97.8 	    6.83 	    0.000000000 	    0.8 	 -999.0 	 04 Jan 2015 05:30:00 
#   24.23 	   31.56 	   97.5 	    6.83 	    0.000000000 	    0.9 	 -999.0 	 04 Jan 2015 05:45:00 
#   23.82 	   30.73 	   96.5 	    6.84 	    0.000000000 	    0.6 	 -999.0 	 04 Jan 2015 06:00:00 
#   23.74 	   30.96 	   96.6 	    6.84 	    0.000000000 	    0.5 	 -999.0 	 04 Jan 2015 06:15:00 
#   23.33 	   30.53 	   96.5 	    6.90 	    0.000000000 	    0.9 	 -999.0 	 04 Jan 2015 06:30:00 
#   23.38 	   30.25 	   96.4 	    6.90 	    0.000000000 	    0.9 	 -999.0 	 04 Jan 2015 06:45:00 
#   23.29 	   31.52 	   96.0 	    6.83 	    0.000000000 	    0.9 	 -999.0 	 04 Jan 2015 07:00:00 
#   23.28 	   31.71 	   96.6 	    6.87 	    0.000000000 	    0.9 	 -999.0 	 04 Jan 2015 07:15:00 
#   24.03 	   32.58 	   97.0 	    6.77 	    0.000000000 	    0.5 	 -999.0 	 04 Jan 2015 07:30:00 
#   24.28 	   33.11 	   96.7 	    6.70 	    0.485000000 	    0.5 	 -999.0 	 04 Jan 2015 07:45:00 
#   23.78 	   31.66 	   97.0 	    6.84 	    0.000000000 	    1.3 	 -999.0 	 04 Jan 2015 08:00:00 
#   23.94 	   32.79 	   97.1 	    6.79 	    0.485000000 	    1.0 	 -999.0 	 04 Jan 2015 08:15:00 
#   23.65 	   32.05 	   97.2 	    6.85 	    0.000000000 	    0.8 	 -999.0 	 04 Jan 2015 08:30:00 
#   24.03 	   32.61 	   96.5 	    6.74 	    0.000000000 	    0.8 	 -999.0 	 04 Jan 2015 08:45:00 
#   23.73 	   32.17 	   97.0 	    6.82 	    0.000000000 	    0.6 	 -999.0 	 04 Jan 2015 09:00:00 
#   24.26 	   32.09 	   96.6 	    6.73 	    0.940000000 	    0.5 	 -999.0 	 04 Jan 2015 09:15:00 
#   24.26 	   33.09 	   96.1 	    6.66 	    0.000000000 	    0.5 	 -999.0 	 04 Jan 2015 09:30:00 
#   24.15 	   32.93 	   96.7 	    6.72 	    0.000000000 	    0.5 	 -999.0 	 04 Jan 2015 09:45:00 
#   24.30 	   33.06 	   96.4 	    6.68 	    0.000000000 	    0.6 	 -999.0 	 04 Jan 2015 10:00:00 
#   24.37 	   33.17 	   96.2 	    6.66 	    0.000000000 	    0.7 	 -999.0 	 04 Jan 2015 10:15:00 
#   24.07 	   30.76 	   97.1 	    6.84 	    0.000000000 	    0.6 	 -999.0 	 04 Jan 2015 10:30:00 
#   24.06 	   32.63 	   97.5 	    6.80 	    0.000000000 	    0.7 	 -999.0 	 04 Jan 2015 10:45:00 
#   23.93 	   31.49 	   97.7 	    6.88 	    0.485000000 	    0.7 	 -999.0 	 04 Jan 2015 11:00:00 
#   23.83 	   27.25 	   97.9 	    7.08 	    0.000000000 	    0.6 	 -999.0 	 04 Jan 2015 11:15:00 
#   23.89 	   28.11 	   98.1 	    7.04 	    0.000000000 	    0.6 	 -999.0 	 04 Jan 2015 11:30:00 
#   24.04 	   32.03 	   98.6 	    6.90 	    0.000000000 	    0.6 	 -999.0 	 04 Jan 2015 11:45:00 
#   24.22 	   30.86 	   99.2 	    6.97 	    0.000000000 	    0.5 	 -999.0 	 04 Jan 2015 12:00:00 
#   24.42 	   33.19 	   99.8 	    6.90 	    0.000000000 	    0.6 	 -999.0 	 04 Jan 2015 12:15:00 
#   24.60 	   33.66 	  100.7 	    6.92 	    0.000000000 	    0.4 	 -999.0 	 04 Jan 2015 12:30:00 
#   24.68 	   29.87 	  100.9 	    7.08 	    0.000000000 	    0.4 	 -999.0 	 04 Jan 2015 12:45:00 
#   24.73 	   30.15 	  101.4 	    7.09 	    0.000000000 	    0.5 	 -999.0 	 04 Jan 2015 13:00:00 
#   24.70 	   31.35 	  101.4 	    7.05 	    0.000000000 	    0.6 	 -999.0 	 04 Jan 2015 13:15:00 
#   24.62 	   31.95 	  100.4 	    6.97 	    0.000000000 	    0.9 	 -999.0 	 04 Jan 2015 13:30:00 
#   24.56 	   30.38 	  100.5 	    7.04 	    0.485000000 	    0.9 	 -999.0 	 04 Jan 2015 13:45:00 
#   24.56 	   30.84 	  100.7 	    7.04 	    0.485000000 	    0.8 	 -999.0 	 04 Jan 2015 14:00:00 
#   24.51 	   32.52 	  101.0 	    7.00 	    0.485000000 	    0.8 	 -999.0 	 04 Jan 2015 14:15:00 
#   24.42 	   33.07 	  101.2 	    7.00 	    1.395000000 	    0.6 	 -999.0 	 04 Jan 2015 14:30:00 
#   24.34 	   32.87 	  101.7 	    7.05 	    0.485000000 	    0.6 	 -999.0 	 04 Jan 2015 14:45:00 
#   24.27 	   32.67 	  101.7 	    7.07 	    0.940000000 	    0.7 	 -999.0 	 04 Jan 2015 15:00:00 
#   24.27 	   29.47 	  101.9 	    7.21 	    1.850000000 	    0.7 	 -999.0 	 04 Jan 2015 15:15:00 
#   24.26 	   28.96 	  102.1 	    7.25 	    0.940000000 	    0.7 	 -999.0 	 04 Jan 2015 15:30:00 
#   24.24 	   30.52 	  102.2 	    7.19 	    1.850000000 	    0.8 	 -999.0 	 04 Jan 2015 15:45:00 
#   24.29 	   33.05 	  102.5 	    7.10 	    0.940000000 	    0.6 	 -999.0 	 04 Jan 2015 16:00:00 
#   24.31 	   32.87 	  101.7 	    7.05 	    0.485000000 	    0.4 	 -999.0 	 04 Jan 2015 16:15:00 
#   24.29 	   30.68 	  102.0 	    7.17 	    0.000000000 	    0.5 	 -999.0 	 04 Jan 2015 16:30:00 
#   24.29 	   29.70 	  102.2 	    7.22 	    0.485000000 	    0.3 	 -999.0 	 04 Jan 2015 16:45:00 
#   24.29 	   33.30 	  102.4 	    7.09 	    0.940000000 	    0.5 	 -999.0 	 04 Jan 2015 17:00:00 
#   24.23 	   33.25 	  102.2 	    7.08 	    0.000000000 	    0.4 	 -999.0 	 04 Jan 2015 17:15:00 
#   24.23 	   33.28 	  102.4 	    7.09 	    0.485000000 	    0.4 	 -999.0 	 04 Jan 2015 17:30:00 
#   24.21 	   31.87 	  103.0 	    7.20 	    0.940000000 	    0.4 	 -999.0 	 04 Jan 2015 17:45:00 
#   24.22 	   29.76 	  102.8 	    7.27 	    0.940000000 	    0.3 	 -999.0 	 04 Jan 2015 18:00:00 
#   24.07 	   28.76 	  102.4 	    7.30 	    1.850000000 	    0.7 	 -999.0 	 04 Jan 2015 18:15:00 
#   24.08 	   28.42 	  102.2 	    7.30 	    1.850000000 	    1.0 	 -999.0 	 04 Jan 2015 18:30:00 
#   23.96 	   31.75 	  101.9 	    7.16 	    0.940000000 	    1.0 	 -999.0 	 04 Jan 2015 18:45:00 
#   23.88 	   31.02 	  101.9 	    7.20 	    1.395000000 	    0.9 	 -999.0 	 04 Jan 2015 19:00:00 
#   23.94 	   30.24 	  102.0 	    7.23 	    0.940000000 	    1.0 	 -999.0 	 04 Jan 2015 19:15:00 
#   23.98 	   31.28 	  102.0 	    7.18 	    0.940000000 	    1.1 	 -999.0 	 04 Jan 2015 19:30:00 
#   24.00 	   31.12 	  102.1 	    7.19 	    1.395000000 	    1.2 	 -999.0 	 04 Jan 2015 19:45:00 
#   23.98 	   31.08 	  102.2 	    7.20 	    1.850000000 	    1.0 	 -999.0 	 04 Jan 2015 20:00:00 
#   24.14 	   32.18 	  102.0 	    7.13 	    1.850000000 	    0.9 	 -999.0 	 04 Jan 2015 20:15:00 
#   24.09 	   31.88 	  102.6 	    7.19 	    1.850000000 	    1.1 	 -999.0 	 04 Jan 2015 20:30:00 
#   24.03 	   31.40 	  102.1 	    7.18 	    1.395000000 	    1.2 	 -999.0 	 04 Jan 2015 20:45:00 
#   24.10 	   32.15 	  102.2 	    7.15 	    2.305000000 	    1.1 	 -999.0 	 04 Jan 2015 21:00:00 
#   24.11 	   32.29 	  102.1 	    7.13 	    1.395000000 	    1.1 	 -999.0 	 04 Jan 2015 21:15:00 
#   24.17 	   32.55 	  102.1 	    7.12 	    1.850000000 	    0.9 	 -999.0 	 04 Jan 2015 21:30:00 
#   24.19 	   32.73 	  102.0 	    7.10 	    0.940000000 	    0.7 	 -999.0 	 04 Jan 2015 21:45:00 
#   24.21 	   32.79 	  102.0 	    7.09 	    2.305000000 	    0.6 	 -999.0 	 04 Jan 2015 22:00:00 
#   24.28 	   32.93 	  101.7 	    7.06 	    0.940000000 	    0.6 	 -999.0 	 04 Jan 2015 22:15:00 
#   24.31 	   33.05 	  101.5 	    7.04 	    0.940000000 	    0.5 	 -999.0 	 04 Jan 2015 22:30:00 
#   24.33 	   32.98 	  101.4 	    7.02 	    1.395000000 	    0.6 	 -999.0 	 04 Jan 2015 22:45:00 
#   24.25 	   32.90 	  101.2 	    7.03 	    1.395000000 	    0.7 	 -999.0 	 04 Jan 2015 23:00:00 
#   24.49 	   33.29 	  100.7 	    6.95 	    1.395000000 	    0.6 	 -999.0 	 04 Jan 2015 23:15:00 
#   24.57 	   33.53 	  100.4 	    6.91 	    0.485000000 	    0.7 	 -999.0 	 04 Jan 2015 23:30:00 
#   24.07 	   31.85 	  100.0 	    7.01 	    0.940000000 	    0.7 	 -999.0 	 04 Jan 2015 23:45:00 
