#   24.70 	   33.91 	  103.2 	    7.07 	    0.000000000 	    0.4 	 -999.0 	 18 Jan 2015 00:00:00 
#   24.64 	   33.84 	  103.2 	    7.08 	    0.000000000 	    0.4 	 -999.0 	 18 Jan 2015 00:15:00 
#   24.59 	   33.87 	  103.0 	    7.07 	    0.000000000 	    0.4 	 -999.0 	 18 Jan 2015 00:30:00 
#   24.36 	   33.47 	  102.5 	    7.08 	    0.000000000 	    0.4 	 -999.0 	 18 Jan 2015 00:45:00 
#   24.69 	   34.32 	  102.6 	    7.02 	    0.000000000 	    0.5 	 -999.0 	 18 Jan 2015 01:00:00 
#   24.55 	   34.12 	  102.9 	    7.06 	    0.000000000 	    0.4 	 -999.0 	 18 Jan 2015 01:15:00 
#   24.38 	   34.05 	  101.8 	    7.01 	    0.000000000 	    0.4 	 -999.0 	 18 Jan 2015 01:30:00 
#   24.40 	   34.20 	  101.7 	    6.99 	    0.000000000 	    0.3 	 -999.0 	 18 Jan 2015 01:45:00 
#   24.38 	   34.24 	  101.6 	    6.98 	    0.000000000 	    0.4 	 -999.0 	 18 Jan 2015 02:00:00 
#   24.45 	   34.39 	  101.8 	    6.98 	    0.000000000 	    0.4 	 -999.0 	 18 Jan 2015 02:15:00 
#   24.32 	   34.28 	  101.7 	    7.00 	    0.000000000 	    0.4 	 -999.0 	 18 Jan 2015 02:30:00 
#   24.30 	   34.40 	  101.1 	    6.95 	    0.000000000 	    0.4 	 -999.0 	 18 Jan 2015 02:45:00 
#   24.39 	   34.46 	  100.8 	    6.92 	    0.000000000 	    0.3 	 -999.0 	 18 Jan 2015 03:00:00 
#   24.30 	   34.34 	  100.7 	    6.93 	    0.000000000 	    0.4 	 -999.0 	 18 Jan 2015 03:15:00 
#   24.25 	   34.28 	  100.8 	    6.94 	    0.000000000 	    0.3 	 -999.0 	 18 Jan 2015 03:30:00 
#   24.28 	   34.33 	  100.7 	    6.93 	    0.000000000 	    0.5 	 -999.0 	 18 Jan 2015 03:45:00 
#   24.29 	   34.33 	  100.8 	    6.94 	    0.000000000 	    0.3 	 -999.0 	 18 Jan 2015 04:00:00 
#   24.26 	   34.39 	  100.8 	    6.94 	    0.000000000 	    0.4 	 -999.0 	 18 Jan 2015 04:15:00 
#   24.17 	   34.36 	  100.4 	    6.93 	    0.000000000 	    0.4 	 -999.0 	 18 Jan 2015 04:30:00 
#   24.37 	   34.50 	  100.9 	    6.93 	    0.000000000 	    0.6 	 -999.0 	 18 Jan 2015 04:45:00 
#   24.23 	   34.41 	  100.4 	    6.92 	    0.000000000 	    0.3 	 -999.0 	 18 Jan 2015 05:00:00 
#   24.26 	   34.41 	  100.8 	    6.93 	    0.000000000 	    0.4 	 -999.0 	 18 Jan 2015 05:15:00 
#   24.18 	   34.29 	  100.7 	    6.95 	    0.000000000 	    0.3 	 -999.0 	 18 Jan 2015 05:30:00 
#   24.19 	   34.32 	  100.7 	    6.94 	    0.000000000 	    0.3 	 -999.0 	 18 Jan 2015 05:45:00 
#   23.99 	   33.94 	  101.0 	    7.00 	    0.000000000 	    0.3 	 -999.0 	 18 Jan 2015 06:00:00 
#   24.15 	   34.13 	  100.7 	    6.96 	    0.000000000 	    0.3 	 -999.0 	 18 Jan 2015 06:15:00 
#   23.91 	   33.59 	  101.2 	    7.04 	    0.000000000 	    0.4 	 -999.0 	 18 Jan 2015 06:30:00 
#   24.43 	   34.49 	  100.7 	    6.90 	    0.000000000 	    0.4 	 -999.0 	 18 Jan 2015 06:45:00 
#   24.25 	   33.71 	  101.2 	    7.00 	    0.000000000 	    2.8 	 -999.0 	 18 Jan 2015 07:00:00 
#   23.81 	   33.25 	  101.1 	    7.06 	    0.000000000 	    0.4 	 -999.0 	 18 Jan 2015 07:15:00 
#   23.70 	   32.82 	  101.1 	    7.09 	    0.000000000 	    0.5 	 -999.0 	 18 Jan 2015 07:30:00 
#   23.66 	   32.80 	  101.5 	    7.13 	    0.000000000 	    0.5 	 -999.0 	 18 Jan 2015 07:45:00 
#   23.87 	   33.13 	  101.6 	    7.09 	    0.485000000 	    0.5 	 -999.0 	 18 Jan 2015 08:00:00 
#   24.07 	   33.68 	  101.8 	    7.06 	    0.000000000 	    0.4 	 -999.0 	 18 Jan 2015 08:15:00 
#   24.02 	   33.55 	  101.8 	    7.07 	    0.000000000 	    0.6 	 -999.0 	 18 Jan 2015 08:30:00 
#   23.91 	   33.16 	  102.0 	    7.12 	    0.000000000 	    0.4 	 -999.0 	 18 Jan 2015 08:45:00 
#   23.91 	   32.83 	  101.9 	    7.12 	    0.000000000 	    0.4 	 -999.0 	 18 Jan 2015 09:00:00 
#   24.04 	   33.50 	  102.0 	    7.08 	    0.000000000 	    0.5 	 -999.0 	 18 Jan 2015 09:15:00 
#   24.12 	   33.46 	  101.4 	    7.03 	    0.485000000 	    0.5 	 -999.0 	 18 Jan 2015 09:30:00 
#   23.80 	   29.45 	  102.1 	    7.28 	    0.000000000 	    0.6 	 -999.0 	 18 Jan 2015 09:45:00 
#   23.86 	   30.28 	  101.4 	    7.20 	    0.000000000 	    0.5 	 -999.0 	 18 Jan 2015 10:00:00 
#   24.03 	   32.50 	  102.3 	    7.14 	    0.000000000 	    0.7 	 -999.0 	 18 Jan 2015 10:15:00 
#   24.16 	   32.72 	  102.2 	    7.12 	    0.000000000 	    0.4 	 -999.0 	 18 Jan 2015 10:30:00 
#   24.07 	   32.32 	  102.0 	    7.13 	    0.000000000 	    0.5 	 -999.0 	 18 Jan 2015 10:45:00 
#   24.12 	   32.23 	  101.1 	    7.06 	    0.000000000 	    0.6 	 -999.0 	 18 Jan 2015 11:00:00 
#   23.95 	   30.64 	  101.7 	    7.19 	    0.000000000 	    0.5 	 -999.0 	 18 Jan 2015 11:15:00 
#   23.82 	   30.59 	   99.5 	    7.05 	    0.000000000 	    0.5 	 -999.0 	 18 Jan 2015 11:30:00 
#   23.83 	   30.98 	   99.3 	    7.02 	    0.000000000 	    0.5 	 -999.0 	 18 Jan 2015 11:45:00 
#   23.78 	   31.30 	  100.2 	    7.08 	    0.000000000 	    0.5 	 -999.0 	 18 Jan 2015 12:00:00 
#   23.74 	   31.22 	  100.9 	    7.14 	    0.485000000 	    0.5 	 -999.0 	 18 Jan 2015 12:15:00 
#   23.91 	   31.62 	  101.4 	    7.14 	    0.000000000 	    0.6 	 -999.0 	 18 Jan 2015 12:30:00 
#   23.89 	   28.69 	  101.5 	    7.27 	    0.000000000 	    0.5 	 -999.0 	 18 Jan 2015 12:45:00 
#   23.90 	   28.92 	  101.7 	    7.27 	    0.000000000 	    0.5 	 -999.0 	 18 Jan 2015 13:00:00 
#   23.92 	   31.76 	  102.6 	    7.21 	    0.000000000 	    0.5 	 -999.0 	 18 Jan 2015 13:15:00 
#   23.87 	   31.56 	  101.9 	    7.18 	    0.000000000 	    0.5 	 -999.0 	 18 Jan 2015 13:30:00 
#   23.95 	   30.09 	  101.3 	    7.18 	    0.485000000 	    0.6 	 -999.0 	 18 Jan 2015 13:45:00 
#   23.95 	   28.13 	  101.7 	    7.30 	    0.000000000 	    0.6 	 -999.0 	 18 Jan 2015 14:00:00 
#   24.07 	   26.86 	  102.3 	    7.37 	    0.485000000 	    0.5 	 -999.0 	 18 Jan 2015 14:15:00 
#   24.07 	   28.75 	  102.6 	    7.32 	    0.000000000 	    0.6 	 -999.0 	 18 Jan 2015 14:30:00 
#   24.10 	   30.52 	  103.9 	    7.33 	    0.000000000 	    0.5 	 -999.0 	 18 Jan 2015 14:45:00 
#   24.13 	   30.66 	  104.2 	    7.34 	    0.940000000 	    0.5 	 -999.0 	 18 Jan 2015 15:00:00 
#   24.30 	   30.98 	  103.9 	    7.29 	    0.000000000 	    0.4 	 -999.0 	 18 Jan 2015 15:15:00 
#   24.77 	   32.23 	  103.2 	    7.13 	    0.000000000 	    0.3 	 -999.0 	 18 Jan 2015 15:30:00 
#   24.81 	   33.00 	  103.1 	    7.09 	    0.000000000 	    0.3 	 -999.0 	 18 Jan 2015 15:45:00 
#   24.56 	   31.75 	  103.3 	    7.18 	    0.000000000 	    0.4 	 -999.0 	 18 Jan 2015 16:00:00 
#   24.58 	   33.26 	  104.3 	    7.19 	    0.000000000 	    0.7 	 -999.0 	 18 Jan 2015 16:15:00 
#   24.54 	   32.75 	  104.8 	    7.25 	    0.485000000 	    0.6 	 -999.0 	 18 Jan 2015 16:30:00 
#   24.66 	   33.57 	  103.9 	    7.13 	    0.000000000 	    0.4 	 -999.0 	 18 Jan 2015 16:45:00 
#   24.69 	   32.92 	  103.9 	    7.16 	    0.000000000 	    0.4 	 -999.0 	 18 Jan 2015 17:00:00 
#   24.75 	   34.17 	  103.9 	    7.10 	    0.485000000 	    0.3 	 -999.0 	 18 Jan 2015 17:15:00 
#   24.32 	   30.98 	  105.2 	    7.37 	    0.940000000 	    0.7 	 -999.0 	 18 Jan 2015 17:30:00 
#   24.75 	   33.24 	  104.1 	    7.15 	    0.940000000 	    0.7 	 -999.0 	 18 Jan 2015 17:45:00 
#   24.59 	   33.13 	  104.6 	    7.21 	    0.940000000 	    0.5 	 -999.0 	 18 Jan 2015 18:00:00 
#   24.83 	   31.90 	  103.1 	    7.13 	    0.000000000 	    0.3 	 -999.0 	 18 Jan 2015 18:15:00 
#   24.50 	   32.49 	  105.0 	    7.28 	    0.000000000 	    0.6 	 -999.0 	 18 Jan 2015 18:30:00 
#   24.63 	   33.02 	  103.5 	    7.13 	    0.485000000 	    0.6 	 -999.0 	 18 Jan 2015 18:45:00 
#   24.72 	   33.82 	  103.0 	    7.05 	    0.000000000 	    0.9 	 -999.0 	 18 Jan 2015 19:00:00 
#   24.76 	   29.87 	  102.9 	    7.21 	    0.000000000 	    0.5 	 -999.0 	 18 Jan 2015 19:15:00 
#   24.63 	   30.36 	  102.7 	    7.19 	    0.000000000 	    1.2 	 -999.0 	 18 Jan 2015 19:30:00 
#   24.60 	   30.50 	  103.1 	    7.21 	    0.000000000 	    0.7 	 -999.0 	 18 Jan 2015 19:45:00 
#   24.61 	   28.88 	  103.0 	    7.27 	    0.485000000 	    0.5 	 -999.0 	 18 Jan 2015 20:00:00 
#   24.57 	   29.76 	  103.9 	    7.30 	    0.000000000 	    0.5 	 -999.0 	 18 Jan 2015 20:15:00 
#   24.63 	   29.71 	  104.3 	    7.33 	    0.000000000 	    0.5 	 -999.0 	 18 Jan 2015 20:30:00 
#   24.67 	   29.58 	  103.1 	    7.25 	    0.940000000 	    0.8 	 -999.0 	 18 Jan 2015 20:45:00 
#   24.66 	   24.55 	  103.1 	    7.46 	    0.000000000 	    0.8 	 -999.0 	 18 Jan 2015 21:00:00 
#   24.68 	   27.88 	  103.1 	    7.31 	    0.485000000 	    0.7 	 -999.0 	 18 Jan 2015 21:15:00 
#   24.68 	   26.45 	  103.1 	    7.37 	    0.000000000 	    0.6 	 -999.0 	 18 Jan 2015 21:30:00 
#   24.66 	   27.67 	  103.1 	    7.32 	    0.940000000 	    0.6 	 -999.0 	 18 Jan 2015 21:45:00 
#   24.67 	   29.56 	  102.6 	    7.21 	    0.485000000 	    0.3 	 -999.0 	 18 Jan 2015 22:00:00 
#   24.72 	   27.76 	  102.4 	    7.26 	    0.000000000 	    0.5 	 -999.0 	 18 Jan 2015 22:15:00 
#   24.70 	   32.66 	  102.2 	    7.05 	    0.000000000 	    0.5 	 -999.0 	 18 Jan 2015 22:30:00 
#   24.66 	   32.47 	  102.7 	    7.10 	    0.000000000 	    0.5 	 -999.0 	 18 Jan 2015 22:45:00 
#   24.65 	   32.89 	  102.7 	    7.08 	    0.485000000 	    0.6 	 -999.0 	 18 Jan 2015 23:00:00 
#   24.70 	   32.20 	  101.9 	    7.05 	    0.000000000 	    0.4 	 -999.0 	 18 Jan 2015 23:15:00 
#   24.78 	   33.55 	  101.9 	    6.98 	    0.000000000 	    0.5 	 -999.0 	 18 Jan 2015 23:30:00 
#   24.73 	   34.21 	  101.9 	    6.96 	    0.000000000 	    0.5 	 -999.0 	 18 Jan 2015 23:45:00 
