#   24.96 	   28.84 	  101.6 	    7.13 	    0.000000000 	    0.6 	 -999.0 	 21 Jan 2015 00:00:00 
#   25.00 	   29.16 	  101.9 	    7.13 	    0.000000000 	    0.6 	 -999.0 	 21 Jan 2015 00:15:00 
#   25.05 	   32.72 	  102.5 	    7.02 	    0.000000000 	    0.6 	 -999.0 	 21 Jan 2015 00:30:00 
#   24.85 	   33.24 	  102.3 	    7.02 	    0.000000000 	    0.8 	 -999.0 	 21 Jan 2015 00:45:00 
#   24.86 	   33.91 	  101.9 	    6.96 	    0.000000000 	    0.7 	 -999.0 	 21 Jan 2015 01:00:00 
#   24.64 	   33.39 	  101.5 	    6.98 	    0.000000000 	    0.6 	 -999.0 	 21 Jan 2015 01:15:00 
#   24.69 	   33.61 	  100.9 	    6.92 	    0.000000000 	    0.6 	 -999.0 	 21 Jan 2015 01:30:00 
#   24.65 	   31.93 	  100.6 	    6.97 	    0.000000000 	    0.4 	 -999.0 	 21 Jan 2015 01:45:00 
#   24.66 	   33.22 	  100.3 	    6.90 	    0.000000000 	    0.3 	 -999.0 	 21 Jan 2015 02:00:00 
#   24.67 	   30.87 	  100.4 	    7.00 	    0.000000000 	    0.5 	 -999.0 	 21 Jan 2015 02:15:00 
#   24.59 	   30.29 	  100.3 	    7.03 	    0.000000000 	    0.5 	 -999.0 	 21 Jan 2015 02:30:00 
#   24.59 	   29.26 	  100.3 	    7.07 	    0.000000000 	    0.5 	 -999.0 	 21 Jan 2015 02:45:00 
#   24.63 	   29.99 	  100.6 	    7.06 	    0.000000000 	    0.4 	 -999.0 	 21 Jan 2015 03:00:00 
#   24.63 	   34.82 	  100.5 	    6.86 	    0.000000000 	    0.5 	 -999.0 	 21 Jan 2015 03:15:00 
#   24.69 	   31.01 	  100.9 	    7.03 	    0.000000000 	    0.4 	 -999.0 	 21 Jan 2015 03:30:00 
#   24.57 	   29.15 	   99.7 	    7.03 	    0.000000000 	    0.3 	 -999.0 	 21 Jan 2015 03:45:00 
#   24.66 	   29.89 	  100.2 	    7.03 	    0.000000000 	    0.2 	 -999.0 	 21 Jan 2015 04:00:00 
#   24.62 	   29.03 	  100.1 	    7.06 	    0.000000000 	    0.4 	 -999.0 	 21 Jan 2015 04:15:00 
#   24.68 	   30.93 	  100.4 	    7.00 	    0.000000000 	    0.7 	 -999.0 	 21 Jan 2015 04:30:00 
#   24.74 	   30.83 	  100.5 	    7.00 	    0.000000000 	    0.5 	 -999.0 	 21 Jan 2015 04:45:00 
#   24.71 	   30.73 	  100.7 	    7.02 	    0.000000000 	    0.5 	 -999.0 	 21 Jan 2015 05:00:00 
#   24.70 	   31.16 	  100.7 	    7.01 	    0.000000000 	    0.6 	 -999.0 	 21 Jan 2015 05:15:00 
#   24.56 	   34.63 	  100.4 	    6.86 	    0.000000000 	    0.5 	 -999.0 	 21 Jan 2015 05:30:00 
#   24.50 	   34.42 	  100.3 	    6.87 	    0.000000000 	    0.5 	 -999.0 	 21 Jan 2015 05:45:00 
#   24.41 	   29.31 	  100.4 	    7.09 	    0.000000000 	    0.5 	 -999.0 	 21 Jan 2015 06:00:00 
#   24.71 	   31.51 	  101.4 	    7.04 	    0.000000000 	    0.5 	 -999.0 	 21 Jan 2015 06:15:00 
#   24.58 	   34.87 	  101.1 	    6.90 	    0.000000000 	    0.4 	 -999.0 	 21 Jan 2015 06:30:00 
#   24.66 	   35.05 	  101.6 	    6.92 	    0.000000000 	    1.8 	 -999.0 	 21 Jan 2015 06:45:00 
#   24.72 	   35.15 	  100.3 	    6.82 	    0.000000000 	    0.4 	 -999.0 	 21 Jan 2015 07:00:00 
#   24.58 	   35.09 	   99.4 	    6.78 	    0.000000000 	    0.5 	 -999.0 	 21 Jan 2015 07:15:00 
#   24.51 	   35.05 	   99.8 	    6.81 	    0.000000000 	    0.5 	 -999.0 	 21 Jan 2015 07:30:00 
#   24.58 	   35.08 	   99.4 	    6.78 	    0.000000000 	    0.5 	 -999.0 	 21 Jan 2015 07:45:00 
#   24.69 	   35.28 	   99.8 	    6.78 	    0.000000000 	    0.6 	 -999.0 	 21 Jan 2015 08:00:00 
#   24.74 	   35.39 	   99.6 	    6.76 	    0.000000000 	    0.6 	 -999.0 	 21 Jan 2015 08:15:00 
#   24.63 	   35.11 	   99.6 	    6.79 	    0.000000000 	    0.6 	 -999.0 	 21 Jan 2015 08:30:00 
#   24.67 	   35.18 	   98.7 	    6.72 	    0.000000000 	    0.8 	 -999.0 	 21 Jan 2015 08:45:00 
#   24.71 	   35.20 	   98.7 	    6.71 	    0.000000000 	    0.6 	 -999.0 	 21 Jan 2015 09:00:00 
#   24.67 	   35.20 	  100.0 	    6.80 	    0.485000000 	    0.7 	 -999.0 	 21 Jan 2015 09:15:00 
#   24.62 	   34.65 	   99.0 	    6.76 	    0.000000000 	    1.1 	 -999.0 	 21 Jan 2015 09:30:00 
#   24.67 	   34.70 	   99.3 	    6.78 	    0.000000000 	    0.8 	 -999.0 	 21 Jan 2015 09:45:00 
#   24.76 	   34.91 	   99.7 	    6.79 	    0.485000000 	    0.8 	 -999.0 	 21 Jan 2015 10:00:00 
#   24.72 	   34.68 	   99.4 	    6.78 	    0.000000000 	    0.8 	 -999.0 	 21 Jan 2015 10:15:00 
#   24.33 	   31.64 	   99.2 	    6.93 	    0.485000000 	    0.7 	 -999.0 	 21 Jan 2015 10:30:00 
#   24.75 	   35.05 	   99.8 	    6.79 	    0.485000000 	    0.7 	 -999.0 	 21 Jan 2015 10:45:00 
#   24.48 	   33.59 	  100.9 	    6.95 	    0.000000000 	    0.7 	 -999.0 	 21 Jan 2015 11:00:00 
#   24.51 	   33.66 	  101.8 	    7.00 	    0.000000000 	    0.7 	 -999.0 	 21 Jan 2015 11:15:00 
#   24.42 	   32.73 	  101.5 	    7.04 	    0.000000000 	    0.6 	 -999.0 	 21 Jan 2015 11:30:00 
#   24.72 	   34.26 	  101.6 	    6.94 	    0.000000000 	    0.7 	 -999.0 	 21 Jan 2015 11:45:00 
#   24.61 	   33.91 	  102.5 	    7.03 	    0.000000000 	    0.6 	 -999.0 	 21 Jan 2015 12:00:00 
#   24.64 	   33.88 	  102.3 	    7.02 	    0.000000000 	    0.7 	 -999.0 	 21 Jan 2015 12:15:00 
#   24.62 	   33.55 	  102.5 	    7.04 	    0.000000000 	    0.6 	 -999.0 	 21 Jan 2015 12:30:00 
#   24.59 	   32.82 	  102.5 	    7.08 	    0.000000000 	    0.6 	 -999.0 	 21 Jan 2015 12:45:00 
#   24.47 	   33.04 	  102.4 	    7.08 	    0.000000000 	    0.5 	 -999.0 	 21 Jan 2015 13:00:00 
#   24.51 	   32.82 	  102.5 	    7.09 	    0.485000000 	    0.6 	 -999.0 	 21 Jan 2015 13:15:00 
#   24.44 	   31.77 	  101.8 	    7.09 	    1.850000000 	    0.5 	 -999.0 	 21 Jan 2015 13:30:00 
#   24.45 	   30.16 	  102.5 	    7.20 	    7.765000000 	    0.5 	 -999.0 	 21 Jan 2015 13:45:00 
#   24.62 	   30.33 	  102.8 	    7.20 	    4.125000000 	    0.6 	 -999.0 	 21 Jan 2015 14:00:00 
#   24.63 	   33.17 	  102.9 	    7.09 	    0.000000000 	    0.5 	 -999.0 	 21 Jan 2015 14:15:00 
#   24.70 	   31.94 	  103.2 	    7.15 	    0.000000000 	    0.4 	 -999.0 	 21 Jan 2015 14:30:00 
#   24.76 	   33.76 	  103.4 	    7.08 	    0.000000000 	    0.4 	 -999.0 	 21 Jan 2015 14:45:00 
#   24.87 	   32.78 	  103.7 	    7.12 	    0.000000000 	    0.6 	 -999.0 	 21 Jan 2015 15:00:00 
#   24.88 	   34.14 	  103.9 	    7.09 	    0.000000000 	    0.4 	 -999.0 	 21 Jan 2015 15:15:00 
#   24.93 	   34.08 	  104.3 	    7.11 	    0.000000000 	    0.3 	 -999.0 	 21 Jan 2015 15:30:00 
#   24.91 	   34.10 	  104.3 	    7.11 	    0.000000000 	    0.4 	 -999.0 	 21 Jan 2015 15:45:00 
#   24.93 	   33.79 	  104.2 	    7.11 	    0.000000000 	    0.4 	 -999.0 	 21 Jan 2015 16:00:00 
#   24.98 	   33.28 	  103.4 	    7.08 	    0.000000000 	    0.4 	 -999.0 	 21 Jan 2015 16:15:00 
#   24.95 	   33.22 	  103.6 	    7.09 	    0.485000000 	    0.5 	 -999.0 	 21 Jan 2015 16:30:00 
#   24.89 	   33.20 	  103.7 	    7.11 	    0.000000000 	    0.5 	 -999.0 	 21 Jan 2015 16:45:00 
#   24.88 	   33.29 	  103.9 	    7.12 	    0.000000000 	    0.5 	 -999.0 	 21 Jan 2015 17:00:00 
#   24.78 	   32.88 	  104.0 	    7.16 	    0.000000000 	    0.4 	 -999.0 	 21 Jan 2015 17:15:00 
#   24.81 	   29.77 	  103.8 	    7.27 	    0.000000000 	    0.5 	 -999.0 	 21 Jan 2015 17:30:00 
#   24.84 	   31.09 	  103.9 	    7.21 	    0.485000000 	    0.7 	 -999.0 	 21 Jan 2015 17:45:00 
#   24.86 	   32.63 	  104.0 	    7.16 	    0.485000000 	    0.4 	 -999.0 	 21 Jan 2015 18:00:00 
#   24.86 	   31.79 	  103.9 	    7.18 	    0.485000000 	    0.5 	 -999.0 	 21 Jan 2015 18:15:00 
#   24.86 	   32.71 	  104.0 	    7.15 	    0.000000000 	    0.5 	 -999.0 	 21 Jan 2015 18:30:00 
#   24.90 	   32.98 	  103.6 	    7.11 	    0.485000000 	    0.5 	 -999.0 	 21 Jan 2015 18:45:00 
#   24.88 	   32.84 	  103.5 	    7.11 	    0.485000000 	    0.7 	 -999.0 	 21 Jan 2015 19:00:00 
#   24.90 	   31.52 	  103.6 	    7.17 	    0.485000000 	    0.4 	 -999.0 	 21 Jan 2015 19:15:00 
#   24.88 	   31.78 	  103.7 	    7.17 	    0.485000000 	    0.5 	 -999.0 	 21 Jan 2015 19:30:00 
#   24.88 	   32.84 	  103.7 	    7.12 	    0.000000000 	    0.5 	 -999.0 	 21 Jan 2015 19:45:00 
#   24.90 	   33.10 	  103.4 	    7.09 	    0.000000000 	    0.3 	 -999.0 	 21 Jan 2015 20:00:00 
#   24.85 	   32.89 	  103.8 	    7.13 	    0.485000000 	    0.5 	 -999.0 	 21 Jan 2015 20:15:00 
#   24.94 	   34.16 	  103.5 	    7.05 	    0.000000000 	    0.4 	 -999.0 	 21 Jan 2015 20:30:00 
#   24.92 	   31.90 	  103.3 	    7.13 	    0.000000000 	    0.5 	 -999.0 	 21 Jan 2015 20:45:00 
#   24.86 	   30.75 	  103.9 	    7.23 	    0.000000000 	    0.4 	 -999.0 	 21 Jan 2015 21:00:00 
#   24.89 	   32.99 	  103.7 	    7.12 	    0.000000000 	    0.3 	 -999.0 	 21 Jan 2015 21:15:00 
#   24.83 	   32.44 	  103.4 	    7.13 	    0.000000000 	    0.4 	 -999.0 	 21 Jan 2015 21:30:00 
#   24.71 	   31.82 	  103.5 	    7.17 	    0.000000000 	    0.4 	 -999.0 	 21 Jan 2015 21:45:00 
#   24.58 	   31.19 	  102.9 	    7.17 	    0.000000000 	    0.5 	 -999.0 	 21 Jan 2015 22:00:00 
#   24.38 	   29.93 	  102.4 	    7.22 	    0.000000000 	    0.4 	 -999.0 	 21 Jan 2015 22:15:00 
#   24.45 	   28.64 	  102.5 	    7.27 	    0.000000000 	    0.5 	 -999.0 	 21 Jan 2015 22:30:00 
#   24.67 	   31.85 	  103.3 	    7.16 	    0.940000000 	    0.5 	 -999.0 	 21 Jan 2015 22:45:00 
#   24.58 	   31.10 	  102.8 	    7.17 	    0.000000000 	    0.4 	 -999.0 	 21 Jan 2015 23:00:00 
#   24.50 	   31.40 	  102.8 	    7.16 	    0.000000000 	    0.4 	 -999.0 	 21 Jan 2015 23:15:00 
#   24.59 	   31.75 	  102.8 	    7.14 	    0.000000000 	    0.4 	 -999.0 	 21 Jan 2015 23:30:00 
#   24.48 	   31.81 	  102.7 	    7.14 	    0.000000000 	    0.4 	 -999.0 	 21 Jan 2015 23:45:00 
