#   24.86 	   34.25 	  101.4 	    6.91 	    0.000000000 	    0.6 	 -999.0 	 20 Jan 2015 00:00:00 
#   24.88 	   34.43 	  101.2 	    6.89 	    0.000000000 	    0.9 	 -999.0 	 20 Jan 2015 00:15:00 
#   24.87 	   34.64 	  101.2 	    6.88 	    0.000000000 	    0.5 	 -999.0 	 20 Jan 2015 00:30:00 
#   24.80 	   34.44 	  101.0 	    6.88 	    0.000000000 	    0.7 	 -999.0 	 20 Jan 2015 00:45:00 
#   24.86 	   34.56 	  101.1 	    6.88 	    0.000000000 	    0.6 	 -999.0 	 20 Jan 2015 01:00:00 
#   24.84 	   34.68 	  100.7 	    6.85 	    0.000000000 	    0.5 	 -999.0 	 20 Jan 2015 01:15:00 
#   24.85 	   34.76 	  100.7 	    6.85 	    0.000000000 	    0.4 	 -999.0 	 20 Jan 2015 01:30:00 
#   24.82 	   34.81 	  100.5 	    6.84 	    0.000000000 	    0.6 	 -999.0 	 20 Jan 2015 01:45:00 
#   24.82 	   34.78 	  100.6 	    6.84 	    0.000000000 	    0.6 	 -999.0 	 20 Jan 2015 02:00:00 
#   24.84 	   34.88 	  100.6 	    6.84 	    0.000000000 	    0.5 	 -999.0 	 20 Jan 2015 02:15:00 
#   24.84 	   34.89 	  100.5 	    6.83 	    0.000000000 	    0.4 	 -999.0 	 20 Jan 2015 02:30:00 
#   24.82 	   34.87 	  100.8 	    6.85 	    0.000000000 	    0.6 	 -999.0 	 20 Jan 2015 02:45:00 
#   24.82 	   34.94 	  100.6 	    6.84 	    0.000000000 	    0.6 	 -999.0 	 20 Jan 2015 03:00:00 
#   24.84 	   35.04 	  100.6 	    6.83 	    0.000000000 	    0.5 	 -999.0 	 20 Jan 2015 03:15:00 
#   24.90 	   35.30 	  100.9 	    6.83 	    0.000000000 	    0.4 	 -999.0 	 20 Jan 2015 03:30:00 
#   24.83 	   35.23 	  101.0 	    6.85 	    0.000000000 	    0.6 	 -999.0 	 20 Jan 2015 03:45:00 
#   24.85 	   35.27 	  100.8 	    6.83 	    0.000000000 	    0.4 	 -999.0 	 20 Jan 2015 04:00:00 
#   24.90 	   35.35 	  101.0 	    6.84 	    0.000000000 	    0.5 	 -999.0 	 20 Jan 2015 04:15:00 
#   24.91 	   35.38 	  100.8 	    6.82 	    0.000000000 	    0.5 	 -999.0 	 20 Jan 2015 04:30:00 
#   24.93 	   35.14 	  100.3 	    6.80 	    0.000000000 	    0.5 	 -999.0 	 20 Jan 2015 04:45:00 
#   24.89 	   35.20 	  100.5 	    6.81 	    0.000000000 	    0.5 	 -999.0 	 20 Jan 2015 05:00:00 
#   24.87 	   35.14 	  100.1 	    6.79 	    0.000000000 	    1.8 	 -999.0 	 20 Jan 2015 05:15:00 
#   24.89 	   35.11 	  100.2 	    6.80 	    0.000000000 	    0.4 	 -999.0 	 20 Jan 2015 05:30:00 
#   24.93 	   35.33 	  100.3 	    6.79 	    0.000000000 	    0.6 	 -999.0 	 20 Jan 2015 05:45:00 
#   24.87 	   35.15 	   99.7 	    6.76 	    0.000000000 	    0.5 	 -999.0 	 20 Jan 2015 06:00:00 
#   24.84 	   35.10 	   99.9 	    6.78 	    0.000000000 	    0.6 	 -999.0 	 20 Jan 2015 06:15:00 
#   24.89 	   35.24 	   99.4 	    6.74 	    0.000000000 	    0.5 	 -999.0 	 20 Jan 2015 06:30:00 
#   24.73 	   34.84 	   99.0 	    6.74 	    0.000000000 	    0.6 	 -999.0 	 20 Jan 2015 06:45:00 
#   24.60 	   34.49 	   98.8 	    6.76 	    0.000000000 	    0.6 	 -999.0 	 20 Jan 2015 07:00:00 
#   24.78 	   34.55 	   98.8 	    6.74 	    0.000000000 	    0.6 	 -999.0 	 20 Jan 2015 07:15:00 
#   24.66 	   34.56 	   98.4 	    6.72 	    0.000000000 	    0.9 	 -999.0 	 20 Jan 2015 07:30:00 
#   24.61 	   34.58 	   99.1 	    6.77 	    0.000000000 	    0.6 	 -999.0 	 20 Jan 2015 07:45:00 
#   24.66 	   34.72 	   99.5 	    6.79 	    0.000000000 	    0.6 	 -999.0 	 20 Jan 2015 08:00:00 
#   24.69 	   34.91 	  100.3 	    6.83 	    0.000000000 	    0.7 	 -999.0 	 20 Jan 2015 08:15:00 
#   24.77 	   34.99 	  100.8 	    6.85 	    0.000000000 	    0.5 	 -999.0 	 20 Jan 2015 08:30:00 
#   24.74 	   35.07 	  100.8 	    6.85 	    0.000000000 	    0.8 	 -999.0 	 20 Jan 2015 08:45:00 
#   24.85 	   35.32 	  100.0 	    6.78 	    0.000000000 	    0.9 	 -999.0 	 20 Jan 2015 09:00:00 
#   24.86 	   35.21 	  101.4 	    6.87 	    0.000000000 	    0.5 	 -999.0 	 20 Jan 2015 09:15:00 
#   24.86 	   35.18 	  101.7 	    6.90 	    0.000000000 	    0.7 	 -999.0 	 20 Jan 2015 09:30:00 
#   24.88 	   34.98 	  100.9 	    6.85 	    0.000000000 	    0.9 	 -999.0 	 20 Jan 2015 09:45:00 
#   24.93 	   35.24 	  101.9 	    6.90 	    0.000000000 	    0.6 	 -999.0 	 20 Jan 2015 10:00:00 
#   24.93 	   33.07 	  101.5 	    6.96 	    0.000000000 	    0.6 	 -999.0 	 20 Jan 2015 10:15:00 
#   24.93 	   35.39 	  101.2 	    6.85 	    0.000000000 	    0.7 	 -999.0 	 20 Jan 2015 10:30:00 
#   24.96 	   35.26 	  101.3 	    6.86 	    0.000000000 	    0.8 	 -999.0 	 20 Jan 2015 10:45:00 
#   24.98 	   35.46 	  101.5 	    6.86 	    0.000000000 	    0.8 	 -999.0 	 20 Jan 2015 11:00:00 
#   25.01 	   35.41 	  102.0 	    6.89 	    0.000000000 	    0.7 	 -999.0 	 20 Jan 2015 11:15:00 
#   25.04 	   35.47 	  101.7 	    6.87 	    0.000000000 	    0.7 	 -999.0 	 20 Jan 2015 11:30:00 
#   25.16 	   32.14 	  100.9 	    6.93 	    1.395000000 	    0.8 	 -999.0 	 20 Jan 2015 11:45:00 
#   25.18 	   33.65 	   98.8 	    6.72 	    0.000000000 	    0.9 	 -999.0 	 20 Jan 2015 12:00:00 
#   25.03 	   33.34 	   99.5 	    6.80 	    0.000000000 	    0.8 	 -999.0 	 20 Jan 2015 12:15:00 
#   24.84 	   33.78 	  100.2 	    6.85 	    0.940000000 	    0.7 	 -999.0 	 20 Jan 2015 12:30:00 
#   24.71 	   33.59 	  100.4 	    6.89 	    0.000000000 	    0.6 	 -999.0 	 20 Jan 2015 12:45:00 
#   24.66 	   33.10 	  100.9 	    6.95 	    0.940000000 	    0.5 	 -999.0 	 20 Jan 2015 13:00:00 
#   24.66 	   30.54 	  100.7 	    7.04 	    0.000000000 	    0.5 	 -999.0 	 20 Jan 2015 13:15:00 
#   24.54 	   31.21 	  100.8 	    7.03 	    0.000000000 	    0.5 	 -999.0 	 20 Jan 2015 13:30:00 
#   24.58 	   31.82 	  101.4 	    7.04 	    0.000000000 	    0.5 	 -999.0 	 20 Jan 2015 13:45:00 
#   24.67 	   33.11 	  101.5 	    6.99 	    0.000000000 	    0.6 	 -999.0 	 20 Jan 2015 14:00:00 
#   24.75 	   32.60 	  101.5 	    7.00 	    0.000000000 	    0.5 	 -999.0 	 20 Jan 2015 14:15:00 
#   24.75 	   29.26 	  101.5 	    7.14 	    0.000000000 	    0.5 	 -999.0 	 20 Jan 2015 14:30:00 
#   24.69 	   29.44 	  101.4 	    7.13 	    0.000000000 	    0.4 	 -999.0 	 20 Jan 2015 14:45:00 
#   24.73 	   32.84 	  101.7 	    7.00 	    0.000000000 	    0.6 	 -999.0 	 20 Jan 2015 15:00:00 
#   24.74 	   32.88 	  101.8 	    7.01 	    0.000000000 	    0.5 	 -999.0 	 20 Jan 2015 15:15:00 
#   24.77 	   32.94 	  102.1 	    7.03 	    0.000000000 	    0.6 	 -999.0 	 20 Jan 2015 15:30:00 
#   24.78 	   33.02 	  102.2 	    7.03 	    0.000000000 	    0.6 	 -999.0 	 20 Jan 2015 15:45:00 
#   24.77 	   32.94 	  102.4 	    7.04 	    0.485000000 	    0.5 	 -999.0 	 20 Jan 2015 16:00:00 
#   24.78 	   33.05 	  102.3 	    7.03 	    0.000000000 	    0.6 	 -999.0 	 20 Jan 2015 16:15:00 
#   24.80 	   32.46 	  102.6 	    7.07 	    0.000000000 	    0.5 	 -999.0 	 20 Jan 2015 16:30:00 
#   24.75 	   32.22 	  102.4 	    7.08 	    0.000000000 	    0.6 	 -999.0 	 20 Jan 2015 16:45:00 
#   24.64 	   30.69 	  102.5 	    7.16 	    0.940000000 	    0.6 	 -999.0 	 20 Jan 2015 17:00:00 
#   24.65 	   31.99 	  102.0 	    7.07 	    0.000000000 	    0.7 	 -999.0 	 20 Jan 2015 17:15:00 
#   24.59 	   29.72 	  101.4 	    7.13 	    0.000000000 	    0.9 	 -999.0 	 20 Jan 2015 17:30:00 
#   24.63 	   32.73 	  101.6 	    7.02 	    0.000000000 	    0.6 	 -999.0 	 20 Jan 2015 17:45:00 
#   24.71 	   30.36 	  101.5 	    7.10 	    0.000000000 	    0.7 	 -999.0 	 20 Jan 2015 18:00:00 
#   24.75 	   31.02 	  102.0 	    7.09 	    0.940000000 	    0.6 	 -999.0 	 20 Jan 2015 18:15:00 
#   24.73 	   30.86 	  102.6 	    7.15 	    0.000000000 	    0.7 	 -999.0 	 20 Jan 2015 18:30:00 
#   24.67 	   29.83 	  102.5 	    7.19 	    0.485000000 	    0.6 	 -999.0 	 20 Jan 2015 18:45:00 
#   24.74 	   28.63 	  102.6 	    7.24 	    0.000000000 	    0.5 	 -999.0 	 20 Jan 2015 19:00:00 
#   24.79 	   29.57 	  102.5 	    7.18 	    0.000000000 	    0.6 	 -999.0 	 20 Jan 2015 19:15:00 
#   24.86 	   33.36 	  102.7 	    7.04 	    0.485000000 	    0.5 	 -999.0 	 20 Jan 2015 19:30:00 
#   24.84 	   33.42 	  102.6 	    7.03 	    0.485000000 	    0.5 	 -999.0 	 20 Jan 2015 19:45:00 
#   24.74 	   32.91 	  102.3 	    7.04 	    0.000000000 	    0.4 	 -999.0 	 20 Jan 2015 20:00:00 
#   24.71 	   32.78 	  102.7 	    7.08 	    0.940000000 	    0.5 	 -999.0 	 20 Jan 2015 20:15:00 
#   24.63 	   28.59 	  102.5 	    7.25 	    0.000000000 	    0.6 	 -999.0 	 20 Jan 2015 20:30:00 
#   24.59 	   28.57 	  102.4 	    7.25 	    0.000000000 	    0.6 	 -999.0 	 20 Jan 2015 20:45:00 
#   24.69 	   29.41 	  102.8 	    7.23 	    0.485000000 	    0.7 	 -999.0 	 20 Jan 2015 21:00:00 
#   24.89 	   32.27 	  103.7 	    7.15 	    0.000000000 	    0.6 	 -999.0 	 20 Jan 2015 21:15:00 
#   24.87 	   32.72 	  102.8 	    7.07 	    0.485000000 	    0.5 	 -999.0 	 20 Jan 2015 21:30:00 
#   24.86 	   29.47 	  102.7 	    7.19 	    0.000000000 	    0.5 	 -999.0 	 20 Jan 2015 21:45:00 
#   24.86 	   28.49 	  102.9 	    7.25 	    0.000000000 	    0.6 	 -999.0 	 20 Jan 2015 22:00:00 
#   24.90 	   29.48 	  103.1 	    7.22 	    0.000000000 	    0.4 	 -999.0 	 20 Jan 2015 22:15:00 
#   24.89 	   33.50 	  102.2 	    6.99 	    0.000000000 	    0.5 	 -999.0 	 20 Jan 2015 22:30:00 
#   24.96 	   30.27 	  102.6 	    7.15 	    0.000000000 	    0.5 	 -999.0 	 20 Jan 2015 22:45:00 
#   24.90 	   30.14 	  101.8 	    7.10 	    0.485000000 	    0.5 	 -999.0 	 20 Jan 2015 23:00:00 
#   24.88 	   34.12 	  101.1 	    6.89 	    0.000000000 	    0.5 	 -999.0 	 20 Jan 2015 23:15:00 
#   24.92 	   32.34 	  101.0 	    6.95 	    0.000000000 	    0.4 	 -999.0 	 20 Jan 2015 23:30:00 
#   24.95 	   30.80 	  101.2 	    7.03 	    0.000000000 	    0.4 	 -999.0 	 20 Jan 2015 23:45:00 
