#   24.66 	   31.44 	  101.7 	    7.07 	    2.305000000 	    0.1 	 -999.0 	 14 Jan 2015 00:00:00 
#   24.72 	   31.74 	  100.4 	    6.96 	    2.760000000 	    0.0 	 -999.0 	 14 Jan 2015 00:15:00 
#   24.82 	   31.81 	  103.1 	    7.13 	    1.850000000 	    0.0 	 -999.0 	 14 Jan 2015 00:30:00 
#   24.75 	   32.15 	  101.0 	    6.98 	    0.940000000 	    0.0 	 -999.0 	 14 Jan 2015 00:45:00 
#   24.72 	   31.54 	  100.7 	    6.99 	    0.940000000 	    0.0 	 -999.0 	 14 Jan 2015 01:00:00 
#   24.72 	   32.48 	  100.8 	    6.96 	    0.485000000 	    0.0 	 -999.0 	 14 Jan 2015 01:15:00 
#   24.64 	   30.85 	  101.0 	    7.05 	    0.485000000 	    0.0 	 -999.0 	 14 Jan 2015 01:30:00 
#   24.66 	   30.36 	  101.3 	    7.08 	    0.485000000 	    0.0 	 -999.0 	 14 Jan 2015 01:45:00 
#   24.24 	   30.77 	  100.4 	    7.06 	    0.485000000 	    0.1 	 -999.0 	 14 Jan 2015 02:00:00 
#   23.94 	   30.55 	  100.4 	    7.10 	    0.940000000 	    0.0 	 -999.0 	 14 Jan 2015 02:15:00 
#   24.06 	   30.96 	  100.7 	    7.10 	    0.485000000 	    0.0 	 -999.0 	 14 Jan 2015 02:30:00 
#   24.09 	   30.35 	  100.7 	    7.11 	    0.485000000 	    0.0 	 -999.0 	 14 Jan 2015 02:45:00 
#   23.77 	   31.54 	   99.4 	    7.01 	    0.485000000 	    0.0 	 -999.0 	 14 Jan 2015 03:00:00 
#   24.16 	   30.38 	  100.5 	    7.09 	    0.000000000 	    0.0 	 -999.0 	 14 Jan 2015 03:15:00 
#   24.14 	   30.37 	   98.9 	    6.98 	    0.000000000 	    0.0 	 -999.0 	 14 Jan 2015 03:30:00 
#   24.16 	   30.92 	  100.6 	    7.07 	    0.000000000 	    0.0 	 -999.0 	 14 Jan 2015 03:45:00 
#   24.22 	   32.69 	   98.9 	    6.88 	    0.000000000 	    0.0 	 -999.0 	 14 Jan 2015 04:00:00 
#   24.12 	   31.66 	   99.0 	    6.94 	    0.000000000 	    0.0 	 -999.0 	 14 Jan 2015 04:15:00 
#   24.13 	   32.17 	   99.2 	    6.93 	    0.000000000 	    0.0 	 -999.0 	 14 Jan 2015 04:30:00 
#   24.05 	   31.94 	   99.1 	    6.94 	    0.000000000 	    0.0 	 -999.0 	 14 Jan 2015 04:45:00 
#   24.22 	   31.81 	   99.0 	    6.92 	    0.000000000 	    0.0 	 -999.0 	 14 Jan 2015 05:00:00 
#   24.18 	   31.66 	   98.9 	    6.92 	    0.000000000 	    0.0 	 -999.0 	 14 Jan 2015 05:15:00 
#   24.22 	   32.49 	   99.1 	    6.90 	    0.000000000 	    0.0 	 -999.0 	 14 Jan 2015 05:30:00 
#   24.10 	   31.72 	   98.1 	    6.88 	    0.000000000 	    0.0 	 -999.0 	 14 Jan 2015 05:45:00 
#   24.12 	   32.93 	   98.7 	    6.87 	    0.000000000 	    0.0 	 -999.0 	 14 Jan 2015 06:00:00 
#   24.02 	   32.75 	   98.6 	    6.88 	    0.000000000 	    0.0 	 -999.0 	 14 Jan 2015 06:15:00 
#   24.13 	   33.36 	   98.0 	    6.80 	    0.000000000 	    0.0 	 -999.0 	 14 Jan 2015 06:30:00 
#   24.18 	   33.37 	   98.6 	    6.84 	    0.000000000 	    0.1 	 -999.0 	 14 Jan 2015 06:45:00 
#   24.28 	   33.14 	   99.2 	    6.88 	    0.000000000 	    0.0 	 -999.0 	 14 Jan 2015 07:00:00 
#   24.49 	   32.91 	  100.2 	    6.93 	    0.940000000 	    0.0 	 -999.0 	 14 Jan 2015 07:15:00 
#   24.53 	   33.04 	   99.5 	    6.87 	    0.000000000 	    0.0 	 -999.0 	 14 Jan 2015 07:30:00 
#   24.48 	   33.21 	   99.1 	    6.84 	    0.000000000 	    0.0 	 -999.0 	 14 Jan 2015 07:45:00 
#   24.40 	   32.93 	   96.8 	    6.70 	    0.000000000 	    0.1 	 -999.0 	 14 Jan 2015 08:00:00 
#   24.56 	   33.31 	   97.9 	    6.74 	    0.000000000 	    0.0 	 -999.0 	 14 Jan 2015 08:15:00 
#   24.57 	   33.34 	   97.2 	    6.70 	    0.000000000 	    0.0 	 -999.0 	 14 Jan 2015 08:30:00 
#   24.61 	   33.35 	   98.8 	    6.80 	    0.000000000 	    0.0 	 -999.0 	 14 Jan 2015 08:45:00 
#   24.60 	   32.73 	   99.0 	    6.84 	    0.000000000 	    0.0 	 -999.0 	 14 Jan 2015 09:00:00 
#   24.71 	   33.63 	   99.0 	    6.79 	    0.000000000 	    0.0 	 -999.0 	 14 Jan 2015 09:15:00 
#   24.75 	   33.71 	   99.2 	    6.80 	    0.000000000 	    0.0 	 -999.0 	 14 Jan 2015 09:30:00 
#   24.88 	   33.97 	   97.0 	    6.62 	    0.000000000 	    0.0 	 -999.0 	 14 Jan 2015 09:45:00 
#   24.96 	   34.22 	   95.8 	    6.52 	    0.485000000 	    0.0 	 -999.0 	 14 Jan 2015 10:00:00 
#   24.97 	   34.22 	   99.3 	    6.76 	    0.485000000 	    0.0 	 -999.0 	 14 Jan 2015 10:15:00 
#   24.81 	   34.02 	  100.5 	    6.86 	    0.000000000 	    0.0 	 -999.0 	 14 Jan 2015 10:30:00 
#   24.63 	   33.31 	   99.2 	    6.82 	    0.000000000 	    0.0 	 -999.0 	 14 Jan 2015 10:45:00 
#   24.49 	   32.67 	   96.9 	    6.71 	    0.000000000 	    0.2 	 -999.0 	 14 Jan 2015 11:00:00 
#   24.65 	   32.93 	   97.2 	    6.70 	    0.940000000 	    0.4 	 -999.0 	 14 Jan 2015 11:15:00 
#   24.70 	   32.92 	   97.6 	    6.72 	    0.485000000 	    0.4 	 -999.0 	 14 Jan 2015 11:30:00 
#   24.65 	   32.43 	   98.4 	    6.80 	    0.940000000 	    0.5 	 -999.0 	 14 Jan 2015 11:45:00 
#   24.21 	   31.70 	   98.5 	    6.89 	    0.485000000 	    0.2 	 -999.0 	 14 Jan 2015 12:00:00 
#   24.06 	   30.90 	   98.8 	    6.96 	    1.395000000 	    0.1 	 -999.0 	 14 Jan 2015 12:15:00 
#   24.01 	   31.13 	   99.9 	    7.04 	    0.485000000 	    0.0 	 -999.0 	 14 Jan 2015 12:30:00 
#   24.23 	   31.89 	   99.5 	    6.95 	    0.485000000 	    0.1 	 -999.0 	 14 Jan 2015 12:45:00 
#   24.31 	   30.82 	   99.5 	    6.98 	    0.485000000 	    0.0 	 -999.0 	 14 Jan 2015 13:00:00 
#   24.17 	   28.68 	  100.8 	    7.18 	    0.485000000 	    0.0 	 -999.0 	 14 Jan 2015 13:15:00 
#   24.12 	   30.90 	  101.5 	    7.14 	    0.000000000 	    0.0 	 -999.0 	 14 Jan 2015 13:30:00 
#   24.05 	   31.81 	  101.6 	    7.12 	    0.485000000 	    0.0 	 -999.0 	 14 Jan 2015 13:45:00 
#   24.13 	   31.47 	  101.4 	    7.11 	    0.485000000 	    0.0 	 -999.0 	 14 Jan 2015 14:00:00 
#   24.07 	   30.99 	  100.4 	    7.07 	    0.485000000 	    0.0 	 -999.0 	 14 Jan 2015 14:15:00 
#   24.07 	   31.07 	   99.9 	    7.03 	    0.000000000 	    0.1 	 -999.0 	 14 Jan 2015 14:30:00 
#   24.17 	   28.49 	  100.1 	    7.14 	    0.940000000 	    0.1 	 -999.0 	 14 Jan 2015 14:45:00 
#   24.20 	   27.33 	  100.5 	    7.21 	    0.485000000 	    0.2 	 -999.0 	 14 Jan 2015 15:00:00 
#   24.13 	   26.79 	  100.5 	    7.24 	    1.395000000 	    0.1 	 -999.0 	 14 Jan 2015 15:15:00 
#   24.10 	   29.06 	  100.6 	    7.16 	    0.940000000 	    0.2 	 -999.0 	 14 Jan 2015 15:30:00 
#   24.08 	   29.59 	  101.0 	    7.17 	    0.485000000 	    0.2 	 -999.0 	 14 Jan 2015 15:45:00 
#   24.25 	   31.33 	  100.8 	    7.06 	    1.395000000 	    0.1 	 -999.0 	 14 Jan 2015 16:00:00 
#   24.22 	   31.43 	  100.9 	    7.07 	    0.940000000 	    0.0 	 -999.0 	 14 Jan 2015 16:15:00 
#   24.15 	   31.23 	  101.3 	    7.12 	    1.395000000 	    0.1 	 -999.0 	 14 Jan 2015 16:30:00 
#   24.16 	   31.39 	  100.9 	    7.08 	    1.395000000 	    0.0 	 -999.0 	 14 Jan 2015 16:45:00 
#   24.17 	   31.43 	  101.1 	    7.09 	    1.850000000 	    0.1 	 -999.0 	 14 Jan 2015 17:00:00 
#   24.22 	   31.31 	  101.4 	    7.11 	    0.940000000 	    0.1 	 -999.0 	 14 Jan 2015 17:15:00 
#   24.24 	   31.53 	  101.2 	    7.08 	    1.395000000 	    0.0 	 -999.0 	 14 Jan 2015 17:30:00 
#   24.22 	   30.58 	  101.0 	    7.11 	    0.940000000 	    0.0 	 -999.0 	 14 Jan 2015 17:45:00 
#   24.23 	   30.42 	  101.2 	    7.13 	    1.850000000 	    0.1 	 -999.0 	 14 Jan 2015 18:00:00 
#   24.23 	   29.94 	  101.1 	    7.14 	    1.850000000 	    0.1 	 -999.0 	 14 Jan 2015 18:15:00 
#   24.25 	   29.83 	  100.6 	    7.11 	    0.940000000 	    0.1 	 -999.0 	 14 Jan 2015 18:30:00 
#   24.25 	   30.00 	  100.4 	    7.09 	    0.940000000 	    0.0 	 -999.0 	 14 Jan 2015 18:45:00 
#   24.26 	   31.37 	  100.0 	    7.00 	    1.850000000 	    0.0 	 -999.0 	 14 Jan 2015 19:00:00 
#   24.26 	   31.10 	   99.6 	    6.98 	    0.940000000 	    0.2 	 -999.0 	 14 Jan 2015 19:15:00 
#   24.24 	   31.16 	  100.1 	    7.02 	    0.940000000 	    0.0 	 -999.0 	 14 Jan 2015 19:30:00 
#   24.23 	   31.02 	  100.2 	    7.04 	    0.485000000 	    0.1 	 -999.0 	 14 Jan 2015 19:45:00 
#   24.21 	   31.57 	  100.2 	    7.01 	    0.940000000 	    0.1 	 -999.0 	 14 Jan 2015 20:00:00 
#   24.28 	   30.43 	   99.3 	    6.99 	    0.000000000 	    0.1 	 -999.0 	 14 Jan 2015 20:15:00 
#   24.37 	   31.84 	   99.7 	    6.95 	    0.940000000 	    0.2 	 -999.0 	 14 Jan 2015 20:30:00 
#   24.39 	   32.30 	   99.7 	    6.93 	    1.395000000 	    0.1 	 -999.0 	 14 Jan 2015 20:45:00 
#   24.39 	   32.23 	  100.1 	    6.96 	    0.000000000 	    0.1 	 -999.0 	 14 Jan 2015 21:00:00 
#   24.45 	   32.18 	   99.8 	    6.94 	    1.395000000 	    0.2 	 -999.0 	 14 Jan 2015 21:15:00 
#   24.42 	   32.32 	   99.3 	    6.89 	    0.485000000 	    0.2 	 -999.0 	 14 Jan 2015 21:30:00 
#   24.54 	   32.54 	   99.2 	    6.87 	    0.485000000 	    0.1 	 -999.0 	 14 Jan 2015 21:45:00 
#   24.40 	   32.28 	  100.0 	    6.95 	    0.485000000 	    0.0 	 -999.0 	 14 Jan 2015 22:00:00 
#   24.46 	   32.31 	  100.3 	    6.96 	    0.940000000 	    0.0 	 -999.0 	 14 Jan 2015 22:15:00 
#   24.39 	   32.24 	  100.2 	    6.97 	    0.485000000 	    0.0 	 -999.0 	 14 Jan 2015 22:30:00 
#   24.55 	   32.21 	   99.6 	    6.90 	    0.000000000 	    0.1 	 -999.0 	 14 Jan 2015 22:45:00 
#   24.62 	   32.94 	   99.3 	    6.85 	    0.485000000 	    0.1 	 -999.0 	 14 Jan 2015 23:00:00 
#   24.47 	   31.69 	   99.5 	    6.93 	    0.940000000 	    0.0 	 -999.0 	 14 Jan 2015 23:15:00 
#   24.51 	   31.97 	   99.0 	    6.88 	    0.000000000 	    0.3 	 -999.0 	 14 Jan 2015 23:30:00 
#   24.61 	   32.81 	   99.7 	    6.88 	    0.000000000 	    0.1 	 -999.0 	 14 Jan 2015 23:45:00 
