#   24.66 	   34.58 	  100.8 	    6.88 	    0.000000000 	    0.3 	 -999.0 	 24 Jan 2015 00:00:00 
#   24.57 	   33.62 	  100.9 	    6.94 	    0.000000000 	    0.5 	 -999.0 	 24 Jan 2015 00:15:00 
#   24.50 	   33.29 	  100.7 	    6.95 	    0.000000000 	    0.3 	 -999.0 	 24 Jan 2015 00:30:00 
#   24.49 	   33.29 	  100.8 	    6.95 	    0.000000000 	    0.5 	 -999.0 	 24 Jan 2015 00:45:00 
#   24.49 	   33.62 	  100.7 	    6.93 	    0.000000000 	    0.4 	 -999.0 	 24 Jan 2015 01:00:00 
#   24.51 	   30.16 	  100.2 	    7.04 	    0.000000000 	    0.3 	 -999.0 	 24 Jan 2015 01:15:00 
#   24.48 	   31.21 	   99.8 	    6.97 	    0.000000000 	    0.4 	 -999.0 	 24 Jan 2015 01:30:00 
#   24.52 	   31.76 	  100.1 	    6.96 	    0.000000000 	    0.4 	 -999.0 	 24 Jan 2015 01:45:00 
#   24.44 	   29.78 	  100.0 	    7.04 	    0.000000000 	    0.4 	 -999.0 	 24 Jan 2015 02:00:00 
#   24.42 	   30.32 	   99.8 	    7.01 	    0.000000000 	    0.3 	 -999.0 	 24 Jan 2015 02:15:00 
#   24.44 	   29.97 	   99.9 	    7.03 	    0.000000000 	    0.3 	 -999.0 	 24 Jan 2015 02:30:00 
#   24.53 	   31.04 	  100.0 	    6.98 	    0.000000000 	    0.6 	 -999.0 	 24 Jan 2015 02:45:00 
#   24.58 	   30.57 	   99.9 	    6.99 	    0.000000000 	    0.4 	 -999.0 	 24 Jan 2015 03:00:00 
#   24.48 	   31.06 	   99.9 	    6.98 	    0.000000000 	    0.3 	 -999.0 	 24 Jan 2015 03:15:00 
#   24.51 	   31.62 	   99.9 	    6.96 	    0.000000000 	    0.2 	 -999.0 	 24 Jan 2015 03:30:00 
#   24.51 	   32.01 	   99.7 	    6.93 	    0.000000000 	    0.3 	 -999.0 	 24 Jan 2015 03:45:00 
#   24.47 	   30.51 	   99.7 	    6.99 	    0.000000000 	    0.6 	 -999.0 	 24 Jan 2015 04:00:00 
#   24.48 	   31.77 	   99.6 	    6.93 	    0.000000000 	    0.3 	 -999.0 	 24 Jan 2015 04:15:00 
#   24.41 	   31.60 	   99.2 	    6.92 	    0.000000000 	    0.3 	 -999.0 	 24 Jan 2015 04:30:00 
#   24.39 	   29.98 	   98.8 	    6.96 	    0.000000000 	    0.3 	 -999.0 	 24 Jan 2015 04:45:00 
#   24.40 	   30.54 	   98.5 	    6.91 	    0.000000000 	    0.5 	 -999.0 	 24 Jan 2015 05:00:00 
#   24.50 	   30.48 	   99.1 	    6.94 	    0.000000000 	    0.3 	 -999.0 	 24 Jan 2015 05:15:00 
#   24.52 	   30.79 	   98.9 	    6.92 	    0.000000000 	    0.5 	 -999.0 	 24 Jan 2015 05:30:00 
#   24.77 	   30.97 	   99.8 	    6.94 	    0.000000000 	    0.3 	 -999.0 	 24 Jan 2015 05:45:00 
#   24.64 	   34.41 	   98.9 	    6.76 	    0.000000000 	    0.3 	 -999.0 	 24 Jan 2015 06:00:00 
#   24.55 	   33.42 	   98.1 	    6.76 	    0.000000000 	    0.3 	 -999.0 	 24 Jan 2015 06:15:00 
#   24.51 	   35.07 	   98.9 	    6.75 	    0.000000000 	    0.3 	 -999.0 	 24 Jan 2015 06:30:00 
#   24.60 	   35.12 	   98.9 	    6.74 	    0.000000000 	    0.2 	 -999.0 	 24 Jan 2015 06:45:00 
#   24.74 	   35.33 	   99.1 	    6.73 	    0.000000000 	    0.5 	 -999.0 	 24 Jan 2015 07:00:00 
#   24.82 	   35.16 	   98.6 	    6.70 	    0.000000000 	    0.3 	 -999.0 	 24 Jan 2015 07:15:00 
#   24.77 	   35.34 	   98.5 	    6.69 	    0.000000000 	    0.2 	 -999.0 	 24 Jan 2015 07:30:00 
#   24.59 	   35.03 	   98.8 	    6.73 	    0.000000000 	    0.2 	 -999.0 	 24 Jan 2015 07:45:00 
#   24.62 	   35.10 	   98.8 	    6.73 	    0.000000000 	    0.2 	 -999.0 	 24 Jan 2015 08:00:00 
#   24.66 	   35.14 	   98.5 	    6.70 	    0.000000000 	    0.2 	 -999.0 	 24 Jan 2015 08:15:00 
#   24.71 	   35.24 	   98.3 	    6.68 	    0.000000000 	    0.2 	 -999.0 	 24 Jan 2015 08:30:00 
#   24.58 	   35.03 	   99.4 	    6.78 	    0.000000000 	    0.2 	 -999.0 	 24 Jan 2015 08:45:00 
#   24.63 	   35.05 	   99.5 	    6.78 	    0.000000000 	    0.4 	 -999.0 	 24 Jan 2015 09:00:00 
#   24.11 	   34.21 	   98.4 	    6.79 	    0.000000000 	    0.2 	 -999.0 	 24 Jan 2015 09:15:00 
#   24.64 	   35.02 	   99.6 	    6.79 	    0.000000000 	    0.2 	 -999.0 	 24 Jan 2015 09:30:00 
#   24.58 	   34.82 	   99.7 	    6.81 	    0.000000000 	    0.6 	 -999.0 	 24 Jan 2015 09:45:00 
#   24.52 	   34.74 	   99.7 	    6.82 	    0.000000000 	    0.4 	 -999.0 	 24 Jan 2015 10:00:00 
#   24.54 	   34.62 	   99.0 	    6.77 	    0.000000000 	    0.2 	 -999.0 	 24 Jan 2015 10:15:00 
#   24.55 	   34.52 	   98.7 	    6.76 	    0.000000000 	    0.3 	 -999.0 	 24 Jan 2015 10:30:00 
#   24.43 	   33.46 	   98.5 	    6.79 	    0.000000000 	    0.4 	 -999.0 	 24 Jan 2015 10:45:00 
#   24.04 	   32.85 	   99.5 	    6.93 	    0.000000000 	    0.2 	 -999.0 	 24 Jan 2015 11:00:00 
#   24.11 	   33.00 	   99.0 	    6.89 	    0.000000000 	    0.2 	 -999.0 	 24 Jan 2015 11:15:00 
#   24.19 	   32.95 	   99.3 	    6.90 	    0.000000000 	    0.3 	 -999.0 	 24 Jan 2015 11:30:00 
#   24.12 	   32.39 	   99.9 	    6.97 	    0.000000000 	    0.3 	 -999.0 	 24 Jan 2015 11:45:00 
#   24.21 	   32.55 	  100.6 	    7.00 	    0.000000000 	    0.4 	 -999.0 	 24 Jan 2015 12:00:00 
#   24.27 	   32.09 	  100.7 	    7.02 	    0.940000000 	    0.2 	 -999.0 	 24 Jan 2015 12:15:00 
#   24.33 	   32.61 	  100.9 	    7.00 	    0.000000000 	    0.2 	 -999.0 	 24 Jan 2015 12:30:00 
#   24.35 	   32.67 	  100.9 	    7.00 	    2.305000000 	    0.2 	 -999.0 	 24 Jan 2015 12:45:00 
#   24.47 	   33.02 	  101.3 	    7.00 	    0.000000000 	    2.3 	 -999.0 	 24 Jan 2015 13:00:00 
#   24.51 	   29.69 	  101.8 	    7.16 	    0.485000000 	    0.2 	 -999.0 	 24 Jan 2015 13:15:00 
#   24.54 	   29.68 	  101.9 	    7.17 	    0.485000000 	    0.2 	 -999.0 	 24 Jan 2015 13:30:00 
#   24.59 	   28.58 	  102.2 	    7.23 	    0.940000000 	    0.2 	 -999.0 	 24 Jan 2015 13:45:00 
#   24.61 	   33.24 	  102.1 	    7.03 	    1.850000000 	    0.1 	 -999.0 	 24 Jan 2015 14:00:00 
#   24.62 	   33.27 	  102.5 	    7.05 	    1.850000000 	    0.2 	 -999.0 	 24 Jan 2015 14:15:00 
#   24.65 	   33.44 	  102.6 	    7.05 	    0.000000000 	    0.1 	 -999.0 	 24 Jan 2015 14:30:00 
#   24.73 	   31.28 	  102.7 	    7.14 	    0.485000000 	    0.2 	 -999.0 	 24 Jan 2015 14:45:00 
#   24.75 	   31.76 	  102.8 	    7.12 	    0.000000000 	    0.3 	 -999.0 	 24 Jan 2015 15:00:00 
#   24.79 	   31.02 	  102.6 	    7.14 	    0.485000000 	    0.2 	 -999.0 	 24 Jan 2015 15:15:00 
#   24.83 	   31.17 	  102.8 	    7.14 	    0.000000000 	    0.1 	 -999.0 	 24 Jan 2015 15:30:00 
#   24.81 	   29.89 	  103.3 	    7.22 	    0.940000000 	    0.1 	 -999.0 	 24 Jan 2015 15:45:00 
#   24.79 	   29.75 	  103.7 	    7.26 	    0.000000000 	    0.2 	 -999.0 	 24 Jan 2015 16:00:00 
#   24.81 	   33.07 	  104.1 	    7.15 	    0.000000000 	    0.2 	 -999.0 	 24 Jan 2015 16:15:00 
#   24.80 	   30.77 	  104.5 	    7.28 	    1.395000000 	    0.2 	 -999.0 	 24 Jan 2015 16:30:00 
#   24.81 	   29.28 	  104.8 	    7.36 	    0.940000000 	    0.1 	 -999.0 	 24 Jan 2015 16:45:00 
#   24.86 	   31.45 	  105.4 	    7.31 	    0.940000000 	    0.4 	 -999.0 	 24 Jan 2015 17:00:00 
#   24.86 	   31.35 	  105.4 	    7.31 	    0.485000000 	    0.2 	 -999.0 	 24 Jan 2015 17:15:00 
#   24.89 	   30.16 	  105.3 	    7.34 	    0.485000000 	    0.2 	 -999.0 	 24 Jan 2015 17:30:00 
#   24.89 	   29.69 	  105.6 	    7.38 	    0.485000000 	    0.2 	 -999.0 	 24 Jan 2015 17:45:00 
#   24.86 	   28.14 	  105.7 	    7.46 	    0.485000000 	    0.2 	 -999.0 	 24 Jan 2015 18:00:00 
#   24.86 	   29.53 	  105.8 	    7.41 	    0.000000000 	    0.1 	 -999.0 	 24 Jan 2015 18:15:00 
#   24.84 	   32.01 	  105.1 	    7.26 	    0.485000000 	    0.2 	 -999.0 	 24 Jan 2015 18:30:00 
#   24.79 	   32.84 	  105.4 	    7.25 	    0.000000000 	    0.1 	 -999.0 	 24 Jan 2015 18:45:00 
#   24.81 	   29.39 	  106.6 	    7.48 	    0.000000000 	    0.3 	 -999.0 	 24 Jan 2015 19:00:00 
#   24.80 	   31.85 	  106.5 	    7.37 	    0.000000000 	    0.3 	 -999.0 	 24 Jan 2015 19:15:00 
#   24.71 	   32.82 	  104.7 	    7.22 	    0.485000000 	    0.2 	 -999.0 	 24 Jan 2015 19:30:00 
#   24.70 	   32.59 	  103.8 	    7.17 	    1.395000000 	    0.3 	 -999.0 	 24 Jan 2015 19:45:00 
#   24.69 	   32.43 	  103.8 	    7.17 	    0.940000000 	    0.3 	 -999.0 	 24 Jan 2015 20:00:00 
#   24.74 	   32.67 	  104.1 	    7.18 	    0.940000000 	    0.2 	 -999.0 	 24 Jan 2015 20:15:00 
#   24.69 	   31.10 	  103.7 	    7.22 	    0.485000000 	    0.1 	 -999.0 	 24 Jan 2015 20:30:00 
#   24.68 	   30.45 	  103.5 	    7.23 	    0.485000000 	    0.7 	 -999.0 	 24 Jan 2015 20:45:00 
#   24.68 	   31.08 	  103.3 	    7.20 	    0.940000000 	    0.4 	 -999.0 	 24 Jan 2015 21:00:00 
#   24.66 	   32.05 	  103.2 	    7.15 	    0.485000000 	    0.3 	 -999.0 	 24 Jan 2015 21:15:00 
#   24.65 	   30.43 	  103.4 	    7.23 	    0.485000000 	    0.3 	 -999.0 	 24 Jan 2015 21:30:00 
#   24.61 	   30.39 	  103.0 	    7.21 	    0.485000000 	    0.3 	 -999.0 	 24 Jan 2015 21:45:00 
#   24.58 	   30.21 	  102.7 	    7.20 	    0.940000000 	    0.3 	 -999.0 	 24 Jan 2015 22:00:00 
#   24.59 	   29.21 	  102.3 	    7.21 	    0.940000000 	    0.4 	 -999.0 	 24 Jan 2015 22:15:00 
#   24.59 	   29.40 	  102.6 	    7.22 	    0.485000000 	    0.6 	 -999.0 	 24 Jan 2015 22:30:00 
#   24.60 	   28.94 	  102.7 	    7.25 	    0.940000000 	    0.6 	 -999.0 	 24 Jan 2015 22:45:00 
#   24.62 	   29.59 	  102.7 	    7.22 	    0.940000000 	    0.4 	 -999.0 	 24 Jan 2015 23:00:00 
#   24.61 	   29.49 	  102.7 	    7.22 	    0.000000000 	    0.5 	 -999.0 	 24 Jan 2015 23:15:00 
#   24.72 	   30.36 	  102.5 	    7.17 	    0.940000000 	    0.6 	 -999.0 	 24 Jan 2015 23:30:00 
#   24.46 	   27.65 	  102.1 	    7.28 	    0.485000000 	    0.6 	 -999.0 	 24 Jan 2015 23:45:00 
