#   23.80 	   31.54 	   99.2 	    7.00 	    0.940000000 	    0.8 	 -999.0 	 05 Jan 2015 00:00:00 
#   24.24 	   32.96 	  101.0 	    7.01 	    0.485000000 	    0.7 	 -999.0 	 05 Jan 2015 00:15:00 
#   24.18 	   31.49 	  101.1 	    7.08 	    0.485000000 	    0.6 	 -999.0 	 05 Jan 2015 00:30:00 
#   24.21 	   30.85 	  101.3 	    7.12 	    0.940000000 	    0.6 	 -999.0 	 05 Jan 2015 00:45:00 
#   24.17 	   30.78 	  101.1 	    7.12 	    1.395000000 	    0.7 	 -999.0 	 05 Jan 2015 01:00:00 
#   24.17 	   29.26 	  101.6 	    7.21 	    0.940000000 	    0.7 	 -999.0 	 05 Jan 2015 01:15:00 
#   24.24 	   28.96 	  102.0 	    7.24 	    1.850000000 	    0.4 	 -999.0 	 05 Jan 2015 01:30:00 
#   24.23 	   29.34 	  101.7 	    7.21 	    0.485000000 	    0.5 	 -999.0 	 05 Jan 2015 01:45:00 
#   24.24 	   31.13 	  101.9 	    7.15 	    0.485000000 	    0.5 	 -999.0 	 05 Jan 2015 02:00:00 
#   24.18 	   31.21 	  101.8 	    7.14 	    1.850000000 	    0.5 	 -999.0 	 05 Jan 2015 02:15:00 
#   24.13 	   29.58 	  101.3 	    7.18 	    0.940000000 	    0.5 	 -999.0 	 05 Jan 2015 02:30:00 
#   23.99 	   29.23 	  100.5 	    7.16 	    0.485000000 	    0.7 	 -999.0 	 05 Jan 2015 02:45:00 
#   24.05 	   28.98 	  100.0 	    7.13 	    0.000000000 	    0.8 	 -999.0 	 05 Jan 2015 03:00:00 
#   24.06 	   31.85 	   98.0 	    6.87 	    0.485000000 	    1.3 	 -999.0 	 05 Jan 2015 03:15:00 
#   24.05 	   29.09 	   98.1 	    6.99 	    0.000000000 	    1.1 	 -999.0 	 05 Jan 2015 03:30:00 
#   23.85 	   28.95 	   98.1 	    7.02 	    0.485000000 	    1.1 	 -999.0 	 05 Jan 2015 03:45:00 
#   23.71 	   30.10 	   98.0 	    6.98 	    0.485000000 	    1.1 	 -999.0 	 05 Jan 2015 04:00:00 
#   23.49 	   30.29 	   98.4 	    7.03 	    0.485000000 	    0.9 	 -999.0 	 05 Jan 2015 04:15:00 
#   23.34 	   29.94 	   99.1 	    7.11 	    0.000000000 	    0.9 	 -999.0 	 05 Jan 2015 04:30:00 
#   23.35 	   30.07 	   98.4 	    7.05 	    0.485000000 	    0.9 	 -999.0 	 05 Jan 2015 04:45:00 
#   23.46 	   30.47 	   99.0 	    7.07 	    0.485000000 	    1.0 	 -999.0 	 05 Jan 2015 05:00:00 
#   23.60 	   30.84 	   98.4 	    6.99 	    0.485000000 	    0.9 	 -999.0 	 05 Jan 2015 05:15:00 
#   23.76 	   31.34 	   98.0 	    6.92 	    0.000000000 	    1.0 	 -999.0 	 05 Jan 2015 05:30:00 
#   23.60 	   30.58 	   97.9 	    6.97 	    0.485000000 	    0.9 	 -999.0 	 05 Jan 2015 05:45:00 
#   23.74 	   31.71 	   97.9 	    6.90 	    0.485000000 	    1.6 	 -999.0 	 05 Jan 2015 06:00:00 
#   23.90 	   33.24 	   97.5 	    6.80 	    1.395000000 	    1.4 	 -999.0 	 05 Jan 2015 06:15:00 
#   23.89 	   33.44 	   97.7 	    6.80 	    0.485000000 	    1.5 	 -999.0 	 05 Jan 2015 06:30:00 
#   23.82 	   33.39 	   97.4 	    6.80 	    0.485000000 	    1.9 	 -999.0 	 05 Jan 2015 06:45:00 
#   23.80 	   33.44 	   97.5 	    6.80 	    0.485000000 	    2.0 	 -999.0 	 05 Jan 2015 07:00:00 
#   23.62 	   32.94 	   97.4 	    6.84 	    0.000000000 	    1.3 	 -999.0 	 05 Jan 2015 07:15:00 
#   23.39 	   32.57 	   97.4 	    6.88 	    2.760000000 	    1.4 	 -999.0 	 05 Jan 2015 07:30:00 
#   23.43 	   32.25 	   97.5 	    6.89 	    0.485000000 	    1.3 	 -999.0 	 05 Jan 2015 07:45:00 
#   23.58 	   32.76 	   98.1 	    6.90 	    1.850000000 	    1.4 	 -999.0 	 05 Jan 2015 08:00:00 
#   23.69 	   33.14 	   98.6 	    6.91 	    2.760000000 	    1.2 	 -999.0 	 05 Jan 2015 08:15:00 
#   23.65 	   32.99 	  100.0 	    7.01 	    2.305000000 	    1.3 	 -999.0 	 05 Jan 2015 08:30:00 
#   23.66 	   32.46 	   99.3 	    6.98 	    1.395000000 	    1.3 	 -999.0 	 05 Jan 2015 08:45:00 
#   23.49 	   31.87 	   98.9 	    7.00 	    1.850000000 	    1.4 	 -999.0 	 05 Jan 2015 09:00:00 
#   23.85 	   32.46 	   99.5 	    6.97 	    0.485000000 	    1.5 	 -999.0 	 05 Jan 2015 09:15:00 
#   24.10 	   33.26 	   99.0 	    6.88 	    0.485000000 	    1.9 	 -999.0 	 05 Jan 2015 09:30:00 
#   24.07 	   33.02 	   99.5 	    6.92 	    0.485000000 	    1.6 	 -999.0 	 05 Jan 2015 09:45:00 
#   24.36 	   33.57 	   99.7 	    6.88 	    0.940000000 	    1.8 	 -999.0 	 05 Jan 2015 10:00:00 
#   24.31 	   33.37 	  100.9 	    6.98 	    0.940000000 	    1.5 	 -999.0 	 05 Jan 2015 10:15:00 
#   24.37 	   33.61 	  101.2 	    6.98 	    0.000000000 	    1.4 	 -999.0 	 05 Jan 2015 10:30:00 
#   24.41 	   33.68 	  101.5 	    7.00 	    0.000000000 	    1.2 	 -999.0 	 05 Jan 2015 10:45:00 
#   24.34 	   33.20 	  100.9 	    6.98 	    0.000000000 	    1.6 	 -999.0 	 05 Jan 2015 11:00:00 
#   23.97 	   31.79 	  101.5 	    7.13 	    0.000000000 	    1.3 	 -999.0 	 05 Jan 2015 11:15:00 
#   24.00 	   31.61 	  100.8 	    7.08 	    0.485000000 	    1.1 	 -999.0 	 05 Jan 2015 11:30:00 
#   24.31 	   31.98 	  100.0 	    6.97 	    0.485000000 	    1.6 	 -999.0 	 05 Jan 2015 11:45:00 
#   23.93 	   31.59 	   99.3 	    6.99 	    0.485000000 	    0.8 	 -999.0 	 05 Jan 2015 12:00:00 
#   24.15 	   29.40 	   99.8 	    7.08 	    0.485000000 	    0.9 	 -999.0 	 05 Jan 2015 12:15:00 
#   24.00 	   28.49 	  100.4 	    7.18 	    0.485000000 	    0.9 	 -999.0 	 05 Jan 2015 12:30:00 
#   23.85 	   30.74 	  100.2 	    7.09 	    0.000000000 	    0.7 	 -999.0 	 05 Jan 2015 12:45:00 
#   23.82 	   26.34 	  100.8 	    7.32 	    0.000000000 	    0.9 	 -999.0 	 05 Jan 2015 13:00:00 
#   23.79 	   28.45 	  101.5 	    7.29 	    0.000000000 	    0.6 	 -999.0 	 05 Jan 2015 13:15:00 
#   23.68 	   30.83 	  102.1 	    7.25 	    0.485000000 	    0.6 	 -999.0 	 05 Jan 2015 13:30:00 
#   23.76 	   28.75 	  102.3 	    7.34 	    0.940000000 	    0.6 	 -999.0 	 05 Jan 2015 13:45:00 
#   23.84 	   29.08 	  102.6 	    7.34 	    1.395000000 	    0.6 	 -999.0 	 05 Jan 2015 14:00:00 
#   23.91 	   28.89 	  102.9 	    7.35 	    0.940000000 	    0.6 	 -999.0 	 05 Jan 2015 14:15:00 
#   23.92 	   31.49 	  103.3 	    7.27 	    0.940000000 	    0.6 	 -999.0 	 05 Jan 2015 14:30:00 
#   23.91 	   31.44 	  103.6 	    7.29 	    0.485000000 	    0.5 	 -999.0 	 05 Jan 2015 14:45:00 
#   23.90 	   31.37 	  103.9 	    7.32 	    0.940000000 	    0.6 	 -999.0 	 05 Jan 2015 15:00:00 
#   23.93 	   31.37 	  104.1 	    7.33 	    1.395000000 	    0.6 	 -999.0 	 05 Jan 2015 15:15:00 
#   23.93 	   28.73 	  104.3 	    7.46 	    1.850000000 	    0.5 	 -999.0 	 05 Jan 2015 15:30:00 
#   23.94 	   30.37 	  104.6 	    7.41 	    1.850000000 	    0.7 	 -999.0 	 05 Jan 2015 15:45:00 
#   23.91 	   31.12 	  104.7 	    7.39 	    1.850000000 	    0.5 	 -999.0 	 05 Jan 2015 16:00:00 
#   24.00 	   30.85 	  104.6 	    7.38 	    2.305000000 	    0.6 	 -999.0 	 05 Jan 2015 16:15:00 
#   24.04 	   30.73 	  104.5 	    7.38 	    1.850000000 	    0.7 	 -999.0 	 05 Jan 2015 16:30:00 
#   24.06 	   30.71 	  104.4 	    7.37 	    2.305000000 	    0.6 	 -999.0 	 05 Jan 2015 16:45:00 
#   24.03 	   30.81 	  104.5 	    7.37 	    2.305000000 	    0.4 	 -999.0 	 05 Jan 2015 17:00:00 
#   24.04 	   29.52 	  104.5 	    7.42 	    2.305000000 	    0.5 	 -999.0 	 05 Jan 2015 17:15:00 
#   24.04 	   27.92 	  104.5 	    7.49 	    1.395000000 	    0.5 	 -999.0 	 05 Jan 2015 17:30:00 
#   24.03 	   30.53 	  104.7 	    7.39 	    1.850000000 	    0.6 	 -999.0 	 05 Jan 2015 17:45:00 
#   24.07 	   30.42 	  104.4 	    7.38 	    1.395000000 	    0.5 	 -999.0 	 05 Jan 2015 18:00:00 
#   24.05 	   30.88 	  104.2 	    7.35 	    2.305000000 	    0.7 	 -999.0 	 05 Jan 2015 18:15:00 
#   24.03 	   30.88 	  104.4 	    7.36 	    1.850000000 	    0.6 	 -999.0 	 05 Jan 2015 18:30:00 
#   23.98 	   30.87 	  104.2 	    7.35 	    1.850000000 	    0.6 	 -999.0 	 05 Jan 2015 18:45:00 
#   23.97 	   30.85 	  104.1 	    7.35 	    2.305000000 	    0.6 	 -999.0 	 05 Jan 2015 19:00:00 
#   23.96 	   30.74 	  103.9 	    7.34 	    1.395000000 	    0.6 	 -999.0 	 05 Jan 2015 19:15:00 
#   24.04 	   30.66 	  104.0 	    7.34 	    2.305000000 	    0.5 	 -999.0 	 05 Jan 2015 19:30:00 
#   24.07 	   27.17 	  104.0 	    7.49 	    1.395000000 	    0.6 	 -999.0 	 05 Jan 2015 19:45:00 
#   24.01 	   30.80 	  104.1 	    7.34 	    2.305000000 	    0.7 	 -999.0 	 05 Jan 2015 20:00:00 
#   23.66 	   29.64 	  103.0 	    7.36 	    0.485000000 	    0.6 	 -999.0 	 05 Jan 2015 20:15:00 
#   23.67 	   29.71 	  103.4 	    7.38 	    1.395000000 	    0.5 	 -999.0 	 05 Jan 2015 20:30:00 
#   23.62 	   29.31 	  103.2 	    7.39 	    0.940000000 	    0.6 	 -999.0 	 05 Jan 2015 20:45:00 
#   23.64 	   29.53 	  102.9 	    7.36 	    0.940000000 	    0.6 	 -999.0 	 05 Jan 2015 21:00:00 
#   23.76 	   29.51 	  102.8 	    7.34 	    0.940000000 	    0.6 	 -999.0 	 05 Jan 2015 21:15:00 
#   23.88 	   29.97 	  103.2 	    7.33 	    0.940000000 	    0.6 	 -999.0 	 05 Jan 2015 21:30:00 
#   23.95 	   30.34 	  103.5 	    7.33 	    0.940000000 	    0.7 	 -999.0 	 05 Jan 2015 21:45:00 
#   23.99 	   30.26 	  103.6 	    7.33 	    1.850000000 	    0.6 	 -999.0 	 05 Jan 2015 22:00:00 
#   23.92 	   31.14 	  103.8 	    7.32 	    1.395000000 	    0.5 	 -999.0 	 05 Jan 2015 22:15:00 
#   24.03 	   31.31 	  103.9 	    7.31 	    0.940000000 	    0.5 	 -999.0 	 05 Jan 2015 22:30:00 
#   24.07 	   31.53 	  104.0 	    7.30 	    1.395000000 	    0.4 	 -999.0 	 05 Jan 2015 22:45:00 
#   24.06 	   31.52 	  104.2 	    7.32 	    1.850000000 	    0.4 	 -999.0 	 05 Jan 2015 23:00:00 
#   24.06 	   31.20 	  103.9 	    7.31 	    1.850000000 	    0.4 	 -999.0 	 05 Jan 2015 23:15:00 
#   24.14 	   31.94 	  104.0 	    7.28 	    1.850000000 	    0.4 	 -999.0 	 05 Jan 2015 23:30:00 
#   24.30 	   32.54 	  103.6 	    7.20 	    1.850000000 	    0.5 	 -999.0 	 05 Jan 2015 23:45:00 
