#   24.53 	   32.59 	   99.1 	    6.86 	    1.395000000 	    0.1 	 -999.0 	 13 Jan 2015 00:00:00 
#   24.55 	   29.67 	   98.7 	    6.94 	    4.580000000 	    0.2 	 -999.0 	 13 Jan 2015 00:15:00 
#   24.54 	   32.65 	   99.0 	    6.85 	    0.940000000 	    0.0 	 -999.0 	 13 Jan 2015 00:30:00 
#   24.53 	   32.62 	   99.0 	    6.85 	    1.850000000 	    0.0 	 -999.0 	 13 Jan 2015 00:45:00 
#   24.51 	   32.61 	   98.9 	    6.85 	    1.395000000 	    0.0 	 -999.0 	 13 Jan 2015 01:00:00 
#   24.57 	   32.81 	   98.7 	    6.82 	    0.940000000 	    0.1 	 -999.0 	 13 Jan 2015 01:15:00 
#   24.56 	   32.72 	   99.0 	    6.85 	    1.395000000 	    0.1 	 -999.0 	 13 Jan 2015 01:30:00 
#   24.43 	   32.47 	   98.3 	    6.82 	    0.940000000 	    0.1 	 -999.0 	 13 Jan 2015 01:45:00 
#   24.45 	   32.44 	   99.3 	    6.89 	    0.940000000 	    0.0 	 -999.0 	 13 Jan 2015 02:00:00 
#   24.47 	   32.40 	   99.7 	    6.92 	    1.395000000 	    0.1 	 -999.0 	 13 Jan 2015 02:15:00 
#   24.46 	   32.46 	  100.6 	    6.98 	    1.850000000 	    0.0 	 -999.0 	 13 Jan 2015 02:30:00 
#   24.55 	   32.94 	  100.5 	    6.94 	    0.000000000 	    0.0 	 -999.0 	 13 Jan 2015 02:45:00 
#   24.42 	   32.41 	  100.4 	    6.97 	    0.940000000 	    0.0 	 -999.0 	 13 Jan 2015 03:00:00 
#   24.26 	   32.13 	   98.5 	    6.87 	    1.395000000 	    0.0 	 -999.0 	 13 Jan 2015 03:15:00 
#   24.02 	   29.51 	   95.8 	    6.81 	    0.940000000 	    0.0 	 -999.0 	 13 Jan 2015 03:30:00 
#   24.08 	   27.95 	   92.6 	    6.63 	    0.000000000 	    0.1 	 -999.0 	 13 Jan 2015 03:45:00 
#   24.19 	   31.79 	   93.3 	    6.52 	    0.000000000 	    0.0 	 -999.0 	 13 Jan 2015 04:00:00 
#   24.32 	   32.24 	   95.5 	    6.65 	    0.000000000 	    0.0 	 -999.0 	 13 Jan 2015 04:15:00 
#   24.45 	   32.59 	   98.4 	    6.82 	    0.000000000 	    0.1 	 -999.0 	 13 Jan 2015 04:30:00 
#   24.33 	   32.14 	   97.0 	    6.76 	    0.940000000 	    0.1 	 -999.0 	 13 Jan 2015 04:45:00 
#   24.41 	   32.21 	   97.0 	    6.74 	    0.000000000 	    0.0 	 -999.0 	 13 Jan 2015 05:00:00 
#   24.48 	   32.42 	   98.6 	    6.84 	    0.000000000 	    0.1 	 -999.0 	 13 Jan 2015 05:15:00 
#   24.52 	   32.46 	   98.2 	    6.80 	    0.485000000 	    0.0 	 -999.0 	 13 Jan 2015 05:30:00 
#   24.63 	   33.22 	   97.7 	    6.73 	    0.000000000 	    0.1 	 -999.0 	 13 Jan 2015 05:45:00 
#   24.58 	   32.56 	   98.9 	    6.84 	    0.000000000 	    0.0 	 -999.0 	 13 Jan 2015 06:00:00 
#   24.48 	   31.93 	   99.6 	    6.92 	    1.395000000 	    0.1 	 -999.0 	 13 Jan 2015 06:15:00 
#   24.47 	   32.03 	   99.4 	    6.91 	    0.000000000 	    0.1 	 -999.0 	 13 Jan 2015 06:30:00 
#   24.40 	   31.62 	   98.9 	    6.90 	    0.485000000 	    0.1 	 -999.0 	 13 Jan 2015 06:45:00 
#   24.24 	   31.34 	   98.6 	    6.91 	    0.000000000 	    0.0 	 -999.0 	 13 Jan 2015 07:00:00 
#   24.13 	   28.85 	   99.0 	    7.05 	    0.000000000 	    0.0 	 -999.0 	 13 Jan 2015 07:15:00 
#   23.79 	   30.75 	   98.3 	    6.96 	    0.940000000 	    0.1 	 -999.0 	 13 Jan 2015 07:30:00 
#   24.35 	   32.24 	   98.4 	    6.85 	    0.485000000 	    0.0 	 -999.0 	 13 Jan 2015 07:45:00 
#   24.43 	   32.56 	   99.1 	    6.88 	    0.000000000 	    0.0 	 -999.0 	 13 Jan 2015 08:00:00 
#   24.59 	   33.11 	   99.0 	    6.83 	    0.000000000 	    0.1 	 -999.0 	 13 Jan 2015 08:15:00 
#   24.65 	   33.50 	   98.7 	    6.78 	    0.000000000 	    0.1 	 -999.0 	 13 Jan 2015 08:30:00 
#   24.61 	   32.80 	   98.9 	    6.82 	    0.000000000 	    0.0 	 -999.0 	 13 Jan 2015 08:45:00 
#   24.73 	   33.84 	   98.9 	    6.77 	    0.000000000 	    0.0 	 -999.0 	 13 Jan 2015 09:00:00 
#   24.72 	   34.00 	   99.0 	    6.77 	    0.000000000 	    0.0 	 -999.0 	 13 Jan 2015 09:15:00 
#   24.74 	   33.99 	   98.8 	    6.76 	    0.000000000 	    0.0 	 -999.0 	 13 Jan 2015 09:30:00 
#   24.73 	   34.12 	   99.6 	    6.81 	    0.000000000 	    0.0 	 -999.0 	 13 Jan 2015 09:45:00 
#   24.61 	   32.84 	   99.6 	    6.88 	    0.000000000 	    0.0 	 -999.0 	 13 Jan 2015 10:00:00 
#   24.67 	   32.89 	   99.7 	    6.87 	    0.000000000 	    0.0 	 -999.0 	 13 Jan 2015 10:15:00 
#   24.68 	   32.87 	   99.8 	    6.88 	    0.000000000 	    0.0 	 -999.0 	 13 Jan 2015 10:30:00 
#   24.61 	   32.41 	   99.1 	    6.86 	    0.000000000 	    0.0 	 -999.0 	 13 Jan 2015 10:45:00 
#   24.53 	   31.84 	   98.3 	    6.83 	    0.000000000 	    0.1 	 -999.0 	 13 Jan 2015 11:00:00 
#   24.54 	   32.30 	   98.6 	    6.83 	    0.485000000 	    0.2 	 -999.0 	 13 Jan 2015 11:15:00 
#   24.44 	   31.74 	   98.8 	    6.88 	    0.485000000 	    0.2 	 -999.0 	 13 Jan 2015 11:30:00 
#   24.45 	   31.53 	   99.2 	    6.92 	    0.485000000 	    0.2 	 -999.0 	 13 Jan 2015 11:45:00 
#   24.33 	   31.31 	   99.7 	    6.98 	    0.485000000 	    0.1 	 -999.0 	 13 Jan 2015 12:00:00 
#   24.19 	   30.78 	   99.9 	    7.03 	    0.485000000 	    0.1 	 -999.0 	 13 Jan 2015 12:15:00 
#   24.13 	   30.62 	  100.4 	    7.07 	    0.940000000 	    7.1 	 -999.0 	 13 Jan 2015 12:30:00 
#   24.00 	   27.67 	  100.6 	    7.23 	    0.000000000 	    0.0 	 -999.0 	 13 Jan 2015 12:45:00 
#   24.06 	   29.90 	  100.5 	    7.12 	    0.940000000 	    0.0 	 -999.0 	 13 Jan 2015 13:00:00 
#   24.10 	   30.12 	  100.3 	    7.09 	    0.940000000 	    0.0 	 -999.0 	 13 Jan 2015 13:15:00 
#   24.17 	   28.61 	  100.7 	    7.18 	    1.395000000 	    0.0 	 -999.0 	 13 Jan 2015 13:30:00 
#   24.17 	   30.34 	  100.8 	    7.11 	    0.940000000 	    0.0 	 -999.0 	 13 Jan 2015 13:45:00 
#   24.23 	   30.55 	  101.1 	    7.11 	    1.395000000 	    0.2 	 -999.0 	 13 Jan 2015 14:00:00 
#   24.22 	   30.59 	  101.4 	    7.14 	    0.940000000 	    0.0 	 -999.0 	 13 Jan 2015 14:15:00 
#   24.22 	   30.58 	  101.6 	    7.15 	    1.850000000 	    0.0 	 -999.0 	 13 Jan 2015 14:30:00 
#   24.24 	   30.45 	  101.9 	    7.18 	    2.305000000 	    0.1 	 -999.0 	 13 Jan 2015 14:45:00 
#   24.25 	   30.59 	  102.2 	    7.19 	    3.215000000 	    0.1 	 -999.0 	 13 Jan 2015 15:00:00 
#   24.24 	   30.37 	  102.5 	    7.22 	    2.305000000 	    0.5 	 -999.0 	 13 Jan 2015 15:15:00 
#   24.24 	   29.65 	  102.9 	    7.28 	    4.125000000 	    0.1 	 -999.0 	 13 Jan 2015 15:30:00 
#   24.24 	   30.45 	  103.2 	    7.27 	    3.215000000 	    0.0 	 -999.0 	 13 Jan 2015 15:45:00 
#   24.24 	   30.39 	  103.5 	    7.29 	    4.580000000 	    0.0 	 -999.0 	 13 Jan 2015 16:00:00 
#   24.24 	   30.26 	  103.3 	    7.29 	    3.670000000 	    0.1 	 -999.0 	 13 Jan 2015 16:15:00 
#   24.26 	   30.51 	  103.6 	    7.29 	    4.580000000 	    0.1 	 -999.0 	 13 Jan 2015 16:30:00 
#   24.25 	   30.24 	  103.8 	    7.32 	    5.035000000 	    0.1 	 -999.0 	 13 Jan 2015 16:45:00 
#   24.30 	   30.58 	  103.6 	    7.28 	    4.125000000 	    0.1 	 -999.0 	 13 Jan 2015 17:00:00 
#   24.27 	   30.48 	  103.7 	    7.30 	    4.580000000 	    0.2 	 -999.0 	 13 Jan 2015 17:15:00 
#   24.26 	   30.65 	  103.6 	    7.28 	    3.670000000 	    0.1 	 -999.0 	 13 Jan 2015 17:30:00 
#   24.21 	   27.24 	  104.0 	    7.46 	    3.670000000 	    1.4 	 -999.0 	 13 Jan 2015 17:45:00 
#   24.15 	   28.66 	  103.8 	    7.39 	    2.760000000 	    0.1 	 -999.0 	 13 Jan 2015 18:00:00 
#   24.21 	   29.20 	  104.0 	    7.38 	    4.125000000 	    0.1 	 -999.0 	 13 Jan 2015 18:15:00 
#   24.22 	   29.04 	  103.7 	    7.36 	    2.760000000 	    0.1 	 -999.0 	 13 Jan 2015 18:30:00 
#   24.48 	   27.81 	  106.5 	    7.58 	    5.035000000 	    0.1 	 -999.0 	 13 Jan 2015 18:45:00 
#   24.51 	   28.00 	  103.2 	    7.34 	    4.125000000 	    0.0 	 -999.0 	 13 Jan 2015 19:00:00 
#   24.35 	   28.25 	  104.8 	    7.46 	    4.125000000 	    0.1 	 -999.0 	 13 Jan 2015 19:15:00 
#   24.55 	   30.71 	  103.0 	    7.20 	    3.670000000 	    0.0 	 -999.0 	 13 Jan 2015 19:30:00 
#   24.40 	   29.58 	  103.1 	    7.28 	    3.670000000 	    0.0 	 -999.0 	 13 Jan 2015 19:45:00 
#   24.60 	   30.31 	  100.9 	    7.06 	    1.850000000 	    0.0 	 -999.0 	 13 Jan 2015 20:00:00 
#   24.64 	   31.61 	  100.8 	    7.01 	    0.940000000 	    0.0 	 -999.0 	 13 Jan 2015 20:15:00 
#   24.62 	   31.59 	  101.3 	    7.04 	    2.760000000 	    0.0 	 -999.0 	 13 Jan 2015 20:30:00 
#   24.69 	   30.24 	  104.7 	    7.33 	    3.215000000 	    0.0 	 -999.0 	 13 Jan 2015 20:45:00 
#   24.59 	   31.19 	  102.6 	    7.15 	    2.305000000 	    0.0 	 -999.0 	 13 Jan 2015 21:00:00 
#   24.60 	   31.06 	  101.8 	    7.10 	    2.305000000 	    0.0 	 -999.0 	 13 Jan 2015 21:15:00 
#   24.50 	   30.11 	  102.2 	    7.18 	    2.305000000 	    0.0 	 -999.0 	 13 Jan 2015 21:30:00 
#   24.49 	   31.46 	  100.4 	    7.00 	    1.395000000 	    0.0 	 -999.0 	 13 Jan 2015 21:45:00 
#   24.44 	   30.34 	  100.9 	    7.09 	    0.485000000 	    0.1 	 -999.0 	 13 Jan 2015 22:00:00 
#   24.45 	   29.77 	  100.4 	    7.07 	    0.940000000 	    0.1 	 -999.0 	 13 Jan 2015 22:15:00 
#   24.55 	   32.04 	   99.7 	    6.92 	    0.000000000 	    0.1 	 -999.0 	 13 Jan 2015 22:30:00 
#   24.56 	   32.06 	   99.4 	    6.90 	    0.485000000 	    0.0 	 -999.0 	 13 Jan 2015 22:45:00 
#   24.58 	   31.86 	   99.6 	    6.92 	    0.485000000 	    0.0 	 -999.0 	 13 Jan 2015 23:00:00 
#   24.56 	   31.71 	   99.8 	    6.94 	    0.485000000 	    0.0 	 -999.0 	 13 Jan 2015 23:15:00 
#   24.53 	   31.48 	  101.0 	    7.03 	    0.485000000 	    0.0 	 -999.0 	 13 Jan 2015 23:30:00 
#   24.61 	   31.82 	  100.7 	    6.99 	    0.940000000 	    0.0 	 -999.0 	 13 Jan 2015 23:45:00 
