#   23.81 	   30.48 	  100.2 	    7.11 	    0.485000000 	    0.8 	 -999.0 	 10 Jan 2015 00:00:00 
#   23.79 	   26.28 	   99.6 	    7.24 	    0.000000000 	    1.0 	 -999.0 	 10 Jan 2015 00:15:00 
#   23.78 	   28.02 	   99.3 	    7.15 	    0.485000000 	    1.1 	 -999.0 	 10 Jan 2015 00:30:00 
#   23.92 	   27.71 	   99.7 	    7.17 	    0.000000000 	    1.3 	 -999.0 	 10 Jan 2015 00:45:00 
#   23.94 	   26.27 	   99.0 	    7.18 	    0.940000000 	    1.2 	 -999.0 	 10 Jan 2015 01:00:00 
#   23.70 	   26.03 	   98.9 	    7.21 	    0.485000000 	    0.5 	 -999.0 	 10 Jan 2015 01:15:00 
#   23.71 	   26.11 	   98.9 	    7.21 	    0.940000000 	    0.5 	 -999.0 	 10 Jan 2015 01:30:00 
#   23.80 	   30.06 	   98.7 	    7.02 	    0.940000000 	    0.6 	 -999.0 	 10 Jan 2015 01:45:00 
#   23.98 	   28.45 	   98.7 	    7.07 	    0.940000000 	    0.5 	 -999.0 	 10 Jan 2015 02:00:00 
#   24.06 	   28.52 	   98.0 	    7.00 	    0.940000000 	    0.5 	 -999.0 	 10 Jan 2015 02:15:00 
#   24.02 	   30.33 	   99.0 	    7.00 	    1.395000000 	    0.5 	 -999.0 	 10 Jan 2015 02:30:00 
#   23.93 	   28.61 	   99.0 	    7.08 	    0.940000000 	    0.4 	 -999.0 	 10 Jan 2015 02:45:00 
#   24.03 	   25.12 	   98.9 	    7.21 	    0.485000000 	    0.4 	 -999.0 	 10 Jan 2015 03:00:00 
#   23.89 	   29.23 	   99.6 	    7.11 	    0.485000000 	    0.4 	 -999.0 	 10 Jan 2015 03:15:00 
#   23.93 	   32.50 	   99.5 	    6.96 	    0.485000000 	    0.4 	 -999.0 	 10 Jan 2015 03:30:00 
#   23.95 	   32.33 	   99.5 	    6.97 	    0.485000000 	    0.6 	 -999.0 	 10 Jan 2015 03:45:00 
#   23.91 	   28.42 	   99.4 	    7.12 	    0.000000000 	    0.4 	 -999.0 	 10 Jan 2015 04:00:00 
#   23.89 	   30.76 	   99.6 	    7.05 	    0.485000000 	    0.4 	 -999.0 	 10 Jan 2015 04:15:00 
#   23.92 	   28.26 	   99.5 	    7.14 	    0.000000000 	    0.3 	 -999.0 	 10 Jan 2015 04:30:00 
#   23.90 	   29.85 	   99.6 	    7.08 	    0.000000000 	    0.3 	 -999.0 	 10 Jan 2015 04:45:00 
#   23.88 	   28.00 	   99.6 	    7.16 	    0.000000000 	    0.4 	 -999.0 	 10 Jan 2015 05:00:00 
#   23.91 	   28.45 	   99.3 	    7.11 	    0.000000000 	    0.3 	 -999.0 	 10 Jan 2015 05:15:00 
#   24.00 	   28.43 	   99.9 	    7.15 	    0.000000000 	    0.3 	 -999.0 	 10 Jan 2015 05:30:00 
#   23.99 	   32.09 	   99.8 	    6.99 	    0.485000000 	    0.5 	 -999.0 	 10 Jan 2015 05:45:00 
#   24.00 	   32.44 	   99.2 	    6.93 	    0.000000000 	    0.4 	 -999.0 	 10 Jan 2015 06:00:00 
#   23.92 	   32.27 	   99.0 	    6.94 	    0.000000000 	    0.4 	 -999.0 	 10 Jan 2015 06:15:00 
#   23.82 	   32.06 	   99.5 	    6.99 	    0.000000000 	    0.5 	 -999.0 	 10 Jan 2015 06:30:00 
#   23.81 	   30.78 	   99.9 	    7.07 	    0.000000000 	    0.4 	 -999.0 	 10 Jan 2015 06:45:00 
#   23.75 	   32.00 	   99.1 	    6.98 	    0.485000000 	    0.3 	 -999.0 	 10 Jan 2015 07:00:00 
#   23.80 	   31.97 	   98.9 	    6.96 	    0.000000000 	    0.4 	 -999.0 	 10 Jan 2015 07:15:00 
#   23.59 	   31.71 	   98.7 	    6.98 	    0.000000000 	    0.6 	 -999.0 	 10 Jan 2015 07:30:00 
#   23.54 	   31.52 	   98.5 	    6.98 	    0.000000000 	    0.8 	 -999.0 	 10 Jan 2015 07:45:00 
#   23.66 	   31.94 	   98.8 	    6.97 	    0.940000000 	    0.7 	 -999.0 	 10 Jan 2015 08:00:00 
#   23.67 	   32.02 	   99.1 	    6.99 	    0.485000000 	    0.6 	 -999.0 	 10 Jan 2015 08:15:00 
#   23.73 	   29.85 	   99.3 	    7.08 	    0.940000000 	    0.6 	 -999.0 	 10 Jan 2015 08:30:00 
#   23.66 	   32.06 	   99.5 	    7.02 	    0.485000000 	    0.6 	 -999.0 	 10 Jan 2015 08:45:00 
#   23.88 	   32.43 	   99.0 	    6.94 	    0.000000000 	    0.4 	 -999.0 	 10 Jan 2015 09:00:00 
#   23.87 	   32.39 	   99.7 	    6.99 	    0.485000000 	    0.4 	 -999.0 	 10 Jan 2015 09:15:00 
#   23.74 	   32.16 	  100.1 	    7.04 	    0.000000000 	    0.6 	 -999.0 	 10 Jan 2015 09:30:00 
#   23.88 	   32.34 	  100.2 	    7.02 	    0.940000000 	    0.9 	 -999.0 	 10 Jan 2015 09:45:00 
#   24.01 	   32.52 	  100.5 	    7.02 	    0.940000000 	    0.5 	 -999.0 	 10 Jan 2015 10:00:00 
#   24.02 	   32.35 	  100.8 	    7.05 	    0.000000000 	    0.5 	 -999.0 	 10 Jan 2015 10:15:00 
#   24.03 	   32.00 	  100.8 	    7.06 	    0.485000000 	    0.8 	 -999.0 	 10 Jan 2015 10:30:00 
#   24.04 	   32.16 	  100.7 	    7.05 	    0.485000000 	    0.7 	 -999.0 	 10 Jan 2015 10:45:00 
#   24.03 	   32.21 	  101.7 	    7.12 	    0.485000000 	    0.8 	 -999.0 	 10 Jan 2015 11:00:00 
#   24.06 	   32.11 	  101.8 	    7.13 	    0.485000000 	    0.8 	 -999.0 	 10 Jan 2015 11:15:00 
#   24.01 	   32.05 	  103.0 	    7.21 	    0.000000000 	    0.7 	 -999.0 	 10 Jan 2015 11:30:00 
#   23.99 	   31.83 	  103.2 	    7.24 	    0.000000000 	    0.8 	 -999.0 	 10 Jan 2015 11:45:00 
#   24.07 	   31.74 	  103.7 	    7.27 	    0.485000000 	    0.8 	 -999.0 	 10 Jan 2015 12:00:00 
#   24.04 	   31.37 	  101.9 	    7.16 	    0.000000000 	    0.8 	 -999.0 	 10 Jan 2015 12:15:00 
#   24.25 	   27.79 	  102.7 	    7.34 	    0.485000000 	    0.9 	 -999.0 	 10 Jan 2015 12:30:00 
#   24.14 	   28.11 	   99.5 	    7.11 	    0.485000000 	    0.6 	 -999.0 	 10 Jan 2015 12:45:00 
#   24.13 	   29.82 	  100.7 	    7.13 	    0.000000000 	    0.7 	 -999.0 	 10 Jan 2015 13:00:00 
#   24.08 	   29.48 	  100.3 	    7.12 	    0.000000000 	    0.6 	 -999.0 	 10 Jan 2015 13:15:00 
#   24.06 	   28.01 	  100.2 	    7.18 	    0.000000000 	    0.5 	 -999.0 	 10 Jan 2015 13:30:00 
#   24.12 	   27.40 	  100.5 	    7.22 	    0.000000000 	    0.5 	 -999.0 	 10 Jan 2015 13:45:00 
#   24.22 	   29.33 	  101.0 	    7.16 	    0.485000000 	    0.7 	 -999.0 	 10 Jan 2015 14:00:00 
#   24.18 	   29.36 	  100.9 	    7.16 	    0.000000000 	    0.5 	 -999.0 	 10 Jan 2015 14:15:00 
#   24.17 	   26.21 	  101.6 	    7.34 	    0.485000000 	    0.5 	 -999.0 	 10 Jan 2015 14:30:00 
#   24.15 	   29.39 	  101.5 	    7.20 	    0.485000000 	    0.4 	 -999.0 	 10 Jan 2015 14:45:00 
#   24.09 	   29.32 	  101.9 	    7.24 	    0.940000000 	    0.6 	 -999.0 	 10 Jan 2015 15:00:00 
#   24.09 	   27.74 	  102.1 	    7.32 	    1.395000000 	    0.5 	 -999.0 	 10 Jan 2015 15:15:00 
#   24.11 	   29.43 	  102.3 	    7.26 	    0.940000000 	    0.5 	 -999.0 	 10 Jan 2015 15:30:00 
#   24.13 	   29.28 	  102.4 	    7.28 	    0.485000000 	    0.4 	 -999.0 	 10 Jan 2015 15:45:00 
#   24.18 	   28.06 	  103.0 	    7.36 	    1.850000000 	    0.5 	 -999.0 	 10 Jan 2015 16:00:00 
#   24.20 	   28.75 	  103.0 	    7.33 	    2.305000000 	    0.5 	 -999.0 	 10 Jan 2015 16:15:00 
#   24.14 	   29.47 	  102.6 	    7.28 	    1.395000000 	    0.4 	 -999.0 	 10 Jan 2015 16:30:00 
#   24.12 	   29.49 	  102.5 	    7.27 	    1.850000000 	    0.4 	 -999.0 	 10 Jan 2015 16:45:00 
#   24.16 	   29.42 	  103.0 	    7.31 	    1.850000000 	    0.4 	 -999.0 	 10 Jan 2015 17:00:00 
#   24.14 	   29.45 	  103.3 	    7.33 	    1.850000000 	    0.5 	 -999.0 	 10 Jan 2015 17:15:00 
#   24.11 	   28.70 	  102.5 	    7.30 	    2.305000000 	    0.5 	 -999.0 	 10 Jan 2015 17:30:00 
#   24.11 	   28.27 	  102.9 	    7.35 	    2.305000000 	    0.5 	 -999.0 	 10 Jan 2015 17:45:00 
#   24.18 	   28.17 	  103.0 	    7.36 	    2.305000000 	    0.4 	 -999.0 	 10 Jan 2015 18:00:00 
#   24.48 	   23.64 	  103.7 	    7.56 	    2.305000000 	    0.8 	 -999.0 	 10 Jan 2015 18:15:00 
#   24.43 	   27.90 	  104.2 	    7.42 	    3.215000000 	    0.8 	 -999.0 	 10 Jan 2015 18:30:00 
#   24.52 	   25.59 	  104.2 	    7.51 	    3.215000000 	    0.7 	 -999.0 	 10 Jan 2015 18:45:00 
#   24.46 	   28.71 	  103.7 	    7.34 	    2.305000000 	    0.6 	 -999.0 	 10 Jan 2015 19:00:00 
#   24.35 	   29.83 	  103.8 	    7.32 	    1.395000000 	    0.5 	 -999.0 	 10 Jan 2015 19:15:00 
#   24.36 	   29.58 	  104.2 	    7.36 	    2.305000000 	    0.5 	 -999.0 	 10 Jan 2015 19:30:00 
#   24.53 	   30.37 	  104.9 	    7.35 	    1.395000000 	    0.4 	 -999.0 	 10 Jan 2015 19:45:00 
#   24.22 	   29.71 	  103.2 	    7.30 	    1.850000000 	    0.5 	 -999.0 	 10 Jan 2015 20:00:00 
#   24.69 	   32.06 	  105.8 	    7.33 	    2.305000000 	    0.1 	 -999.0 	 10 Jan 2015 20:15:00 
#   24.58 	   31.91 	  104.4 	    7.25 	    1.395000000 	    0.2 	 -999.0 	 10 Jan 2015 20:30:00 
#   24.62 	   33.12 	  103.3 	    7.12 	    1.850000000 	    0.1 	 -999.0 	 10 Jan 2015 20:45:00 
#   24.51 	   31.90 	  103.6 	    7.20 	    2.305000000 	    0.3 	 -999.0 	 10 Jan 2015 21:00:00 
#   24.41 	   31.80 	  104.2 	    7.26 	    1.395000000 	    0.2 	 -999.0 	 10 Jan 2015 21:15:00 
#   24.47 	   32.19 	  104.1 	    7.23 	    1.850000000 	    0.4 	 -999.0 	 10 Jan 2015 21:30:00 
#   24.48 	   32.94 	  104.7 	    7.24 	    1.850000000 	    0.3 	 -999.0 	 10 Jan 2015 21:45:00 
#   24.51 	   32.94 	  106.8 	    7.38 	    1.395000000 	    0.5 	 -999.0 	 10 Jan 2015 22:00:00 
#   24.42 	   32.20 	  105.5 	    7.33 	    1.850000000 	    0.2 	 -999.0 	 10 Jan 2015 22:15:00 
#   24.59 	   32.71 	  103.5 	    7.15 	    0.940000000 	    0.3 	 -999.0 	 10 Jan 2015 22:30:00 
#   24.50 	   32.16 	  103.9 	    7.21 	    2.305000000 	    0.3 	 -999.0 	 10 Jan 2015 22:45:00 
#   24.22 	   30.35 	  103.7 	    7.31 	    0.940000000 	    0.4 	 -999.0 	 10 Jan 2015 23:00:00 
#   24.39 	   31.04 	  104.5 	    7.31 	    1.395000000 	    0.3 	 -999.0 	 10 Jan 2015 23:15:00 
#   24.10 	   29.76 	  103.0 	    7.30 	    0.940000000 	    0.3 	 -999.0 	 10 Jan 2015 23:30:00 
#   24.17 	   29.99 	  102.9 	    7.27 	    1.395000000 	    0.3 	 -999.0 	 10 Jan 2015 23:45:00 
