#   24.79 	   28.87 	   99.0 	    6.97 	    0.940000000 	    0.9 	 -999.0 	 02 Jan 2015 00:00:00 
#   24.70 	   28.40 	   97.8 	    6.91 	    0.940000000 	    0.9 	 -999.0 	 02 Jan 2015 00:15:00 
#   24.52 	   28.24 	   98.1 	    6.96 	    0.485000000 	    1.0 	 -999.0 	 02 Jan 2015 00:30:00 
#   24.52 	   28.03 	   99.0 	    7.03 	    0.485000000 	    0.8 	 -999.0 	 02 Jan 2015 00:45:00 
#   24.36 	   27.93 	   98.9 	    7.05 	    0.000000000 	    1.0 	 -999.0 	 02 Jan 2015 01:00:00 
#   24.29 	   28.04 	   97.1 	    6.93 	    0.000000000 	    0.6 	 -999.0 	 02 Jan 2015 01:15:00 
#   24.26 	   28.50 	   98.0 	    6.97 	    0.000000000 	    0.7 	 -999.0 	 02 Jan 2015 01:30:00 
#   24.47 	   31.93 	   99.6 	    6.93 	    0.000000000 	    0.7 	 -999.0 	 02 Jan 2015 01:45:00 
#   24.46 	   31.98 	   99.1 	    6.89 	    0.000000000 	    0.7 	 -999.0 	 02 Jan 2015 02:00:00 
#   24.37 	   31.34 	   97.7 	    6.83 	    0.000000000 	    0.8 	 -999.0 	 02 Jan 2015 02:15:00 
#   24.16 	   30.61 	   96.8 	    6.82 	    0.000000000 	    1.0 	 -999.0 	 02 Jan 2015 02:30:00 
#   24.18 	   30.85 	   97.0 	    6.82 	    0.000000000 	    1.0 	 -999.0 	 02 Jan 2015 02:45:00 
#   24.14 	   30.49 	   97.1 	    6.85 	    0.000000000 	    1.0 	 -999.0 	 02 Jan 2015 03:00:00 
#   24.23 	   31.95 	   97.6 	    6.82 	    0.000000000 	    1.0 	 -999.0 	 02 Jan 2015 03:15:00 
#   24.16 	   30.22 	   97.3 	    6.87 	    0.485000000 	    1.1 	 -999.0 	 02 Jan 2015 03:30:00 
#   24.04 	   29.96 	   96.9 	    6.86 	    0.485000000 	    1.1 	 -999.0 	 02 Jan 2015 03:45:00 
#   24.39 	   30.59 	   97.5 	    6.85 	    0.000000000 	    0.7 	 -999.0 	 02 Jan 2015 04:00:00 
#   24.07 	   29.82 	   96.7 	    6.86 	    0.485000000 	    1.0 	 -999.0 	 02 Jan 2015 04:15:00 
#   24.18 	   30.41 	   96.1 	    6.78 	    0.485000000 	    0.9 	 -999.0 	 02 Jan 2015 04:30:00 
#   24.01 	   30.18 	   96.4 	    6.83 	    0.000000000 	    1.2 	 -999.0 	 02 Jan 2015 04:45:00 
#   23.96 	   31.91 	   96.6 	    6.78 	    0.000000000 	    1.1 	 -999.0 	 02 Jan 2015 05:00:00 
#   24.14 	   32.31 	   94.3 	    6.58 	    0.485000000 	    0.9 	 -999.0 	 02 Jan 2015 05:15:00 
#   24.18 	   32.45 	   95.3 	    6.64 	    0.000000000 	    1.1 	 -999.0 	 02 Jan 2015 05:30:00 
#   24.45 	   33.16 	   97.0 	    6.70 	    0.000000000 	    1.3 	 -999.0 	 02 Jan 2015 05:45:00 
#   24.50 	   33.37 	   97.0 	    6.68 	    0.000000000 	    1.4 	 -999.0 	 02 Jan 2015 06:00:00 
#   24.39 	   33.10 	   96.8 	    6.70 	    0.485000000 	    1.5 	 -999.0 	 02 Jan 2015 06:15:00 
#   24.52 	   33.43 	   96.0 	    6.61 	    0.485000000 	    1.3 	 -999.0 	 02 Jan 2015 06:30:00 
#   24.46 	   33.37 	   95.9 	    6.62 	    1.395000000 	    2.4 	 -999.0 	 02 Jan 2015 06:45:00 
#   24.09 	   32.84 	   96.2 	    6.70 	    0.940000000 	    2.2 	 -999.0 	 02 Jan 2015 07:00:00 
#   23.75 	   31.82 	   96.3 	    6.79 	    0.000000000 	    8.2 	 -999.0 	 02 Jan 2015 07:15:00 
#   23.93 	   32.23 	   96.1 	    6.74 	    0.000000000 	    1.5 	 -999.0 	 02 Jan 2015 07:30:00 
#   23.69 	   31.63 	   95.9 	    6.77 	    0.000000000 	    1.5 	 -999.0 	 02 Jan 2015 07:45:00 
#   23.79 	   31.47 	   96.0 	    6.77 	    0.940000000 	    1.5 	 -999.0 	 02 Jan 2015 08:00:00 
#   23.81 	   31.27 	   95.5 	    6.74 	    0.485000000 	    1.6 	 -999.0 	 02 Jan 2015 08:15:00 
#   23.82 	   31.63 	   96.4 	    6.79 	    0.940000000 	    1.5 	 -999.0 	 02 Jan 2015 08:30:00 
#   23.97 	   32.04 	   96.5 	    6.77 	    0.940000000 	    1.5 	 -999.0 	 02 Jan 2015 08:45:00 
#   23.90 	   31.82 	   97.2 	    6.83 	    0.485000000 	    1.5 	 -999.0 	 02 Jan 2015 09:00:00 
#   23.95 	   32.00 	   97.0 	    6.81 	    0.940000000 	    1.5 	 -999.0 	 02 Jan 2015 09:15:00 
#   24.09 	   32.33 	   95.9 	    6.70 	    0.485000000 	    1.5 	 -999.0 	 02 Jan 2015 09:30:00 
#   24.06 	   32.30 	   95.4 	    6.67 	    0.000000000 	    1.3 	 -999.0 	 02 Jan 2015 09:45:00 
#   23.92 	   32.01 	   96.6 	    6.78 	    0.940000000 	    0.9 	 -999.0 	 02 Jan 2015 10:00:00 
#   24.02 	   32.13 	   95.9 	    6.72 	    1.395000000 	    1.1 	 -999.0 	 02 Jan 2015 10:15:00 
#   23.90 	   31.89 	   97.3 	    6.84 	    0.485000000 	    1.0 	 -999.0 	 02 Jan 2015 10:30:00 
#   24.11 	   31.95 	   97.0 	    6.79 	    0.485000000 	    1.4 	 -999.0 	 02 Jan 2015 10:45:00 
#   24.10 	   32.15 	   97.4 	    6.81 	    0.940000000 	    1.2 	 -999.0 	 02 Jan 2015 11:00:00 
#   23.91 	   31.66 	   97.9 	    6.88 	    0.000000000 	    1.0 	 -999.0 	 02 Jan 2015 11:15:00 
#   23.87 	   31.20 	   98.2 	    6.93 	    0.000000000 	    1.1 	 -999.0 	 02 Jan 2015 11:30:00 
#   23.94 	   29.42 	   98.6 	    7.02 	    0.000000000 	    1.2 	 -999.0 	 02 Jan 2015 11:45:00 
#   23.91 	   31.22 	   96.9 	    6.84 	    0.485000000 	    0.9 	 -999.0 	 02 Jan 2015 12:00:00 
#   23.85 	   31.33 	   96.0 	    6.77 	    0.000000000 	    0.9 	 -999.0 	 02 Jan 2015 12:15:00 
#   23.83 	   31.24 	   95.4 	    6.73 	    0.000000000 	    0.9 	 -999.0 	 02 Jan 2015 12:30:00 
#   23.86 	   31.35 	   95.1 	    6.71 	    0.000000000 	    0.8 	 -999.0 	 02 Jan 2015 12:45:00 
#   23.79 	   30.96 	   93.8 	    6.64 	    0.000000000 	    0.6 	 -999.0 	 02 Jan 2015 13:00:00 
#   24.00 	   29.67 	   97.3 	    6.91 	    0.485000000 	    0.7 	 -999.0 	 02 Jan 2015 13:15:00 
#   23.98 	   30.98 	   97.6 	    6.88 	    0.940000000 	    0.8 	 -999.0 	 02 Jan 2015 13:30:00 
#   24.02 	   31.59 	   98.3 	    6.90 	    0.485000000 	    1.0 	 -999.0 	 02 Jan 2015 13:45:00 
#   24.18 	   32.38 	   98.0 	    6.83 	    0.485000000 	    0.8 	 -999.0 	 02 Jan 2015 14:00:00 
#   23.97 	   31.81 	   95.8 	    6.73 	    0.485000000 	    0.7 	 -999.0 	 02 Jan 2015 14:15:00 
#   24.08 	   32.15 	   98.6 	    6.90 	    0.940000000 	    0.7 	 -999.0 	 02 Jan 2015 14:30:00 
#   24.02 	   31.91 	   96.3 	    6.75 	    0.485000000 	    1.2 	 -999.0 	 02 Jan 2015 14:45:00 
#   24.11 	   32.14 	   96.1 	    6.72 	    1.395000000 	    0.8 	 -999.0 	 02 Jan 2015 15:00:00 
#   23.97 	   31.15 	   95.7 	    6.74 	    1.850000000 	    0.8 	 -999.0 	 02 Jan 2015 15:15:00 
#   24.14 	   32.08 	   95.8 	    6.70 	    1.850000000 	    0.7 	 -999.0 	 02 Jan 2015 15:30:00 
#   24.21 	   32.24 	   98.7 	    6.88 	    2.760000000 	    1.0 	 -999.0 	 02 Jan 2015 15:45:00 
#   24.23 	   32.07 	  100.0 	    6.98 	    2.760000000 	    0.9 	 -999.0 	 02 Jan 2015 16:00:00 
#   24.33 	   32.33 	   98.7 	    6.87 	    3.215000000 	    0.9 	 -999.0 	 02 Jan 2015 16:15:00 
#   24.28 	   31.74 	  100.2 	    7.00 	    2.305000000 	    1.0 	 -999.0 	 02 Jan 2015 16:30:00 
#   24.30 	   31.62 	  100.1 	    6.99 	    2.760000000 	    1.1 	 -999.0 	 02 Jan 2015 16:45:00 
#   24.36 	   30.32 	  100.5 	    7.07 	    2.760000000 	    0.9 	 -999.0 	 02 Jan 2015 17:00:00 
#   24.22 	   29.09 	  101.8 	    7.23 	    1.395000000 	    1.4 	 -999.0 	 02 Jan 2015 17:15:00 
#   24.33 	   31.51 	  101.4 	    7.09 	    1.850000000 	    1.3 	 -999.0 	 02 Jan 2015 17:30:00 
#   24.40 	   30.98 	  100.4 	    7.03 	    1.395000000 	    0.9 	 -999.0 	 02 Jan 2015 17:45:00 
#   24.43 	   30.94 	  100.4 	    7.02 	    0.485000000 	    1.0 	 -999.0 	 02 Jan 2015 18:00:00 
#   24.53 	   31.23 	  100.2 	    6.99 	    0.940000000 	    0.9 	 -999.0 	 02 Jan 2015 18:15:00 
#   24.43 	   30.42 	  100.9 	    7.08 	    0.000000000 	    1.0 	 -999.0 	 02 Jan 2015 18:30:00 
#   23.99 	   27.63 	   99.8 	    7.17 	    0.940000000 	    1.0 	 -999.0 	 02 Jan 2015 18:45:00 
#   23.68 	   25.72 	   98.7 	    7.21 	    0.000000000 	    1.1 	 -999.0 	 02 Jan 2015 19:00:00 
#   24.25 	   28.66 	   99.8 	    7.10 	    0.000000000 	    0.8 	 -999.0 	 02 Jan 2015 19:15:00 
#   24.33 	   29.31 	   99.9 	    7.07 	    0.000000000 	    0.8 	 -999.0 	 02 Jan 2015 19:30:00 
#   24.55 	   26.08 	  100.8 	    7.24 	    2.760000000 	    1.5 	 -999.0 	 02 Jan 2015 19:45:00 
#   24.38 	   25.30 	  100.1 	    7.24 	    0.940000000 	    1.1 	 -999.0 	 02 Jan 2015 20:00:00 
#   24.64 	   28.59 	  100.1 	    7.08 	    1.850000000 	    1.1 	 -999.0 	 02 Jan 2015 20:15:00 
#   24.63 	   32.40 	  100.3 	    6.94 	    1.850000000 	    1.0 	 -999.0 	 02 Jan 2015 20:30:00 
#   24.68 	   32.74 	  100.3 	    6.92 	    2.305000000 	    1.2 	 -999.0 	 02 Jan 2015 20:45:00 
#   23.62 	   25.53 	   99.6 	    7.30 	    0.940000000 	    1.0 	 -999.0 	 02 Jan 2015 21:00:00 
#   24.55 	   27.85 	   98.5 	    7.00 	    0.000000000 	    0.8 	 -999.0 	 02 Jan 2015 21:15:00 
#   24.68 	   28.12 	   98.9 	    7.01 	    1.395000000 	    0.9 	 -999.0 	 02 Jan 2015 21:30:00 
#   24.98 	   29.56 	   96.5 	    6.74 	    0.000000000 	    0.5 	 -999.0 	 02 Jan 2015 21:45:00 
#   24.79 	   28.89 	   98.2 	    6.91 	    0.485000000 	    0.6 	 -999.0 	 02 Jan 2015 22:00:00 
#   24.87 	   27.94 	  100.4 	    7.10 	    0.000000000 	    0.5 	 -999.0 	 02 Jan 2015 22:15:00 
#   24.71 	   31.75 	  100.2 	    6.95 	    0.000000000 	    0.5 	 -999.0 	 02 Jan 2015 22:30:00 
#   24.90 	   32.10 	  101.0 	    6.97 	    0.000000000 	    0.4 	 -999.0 	 02 Jan 2015 22:45:00 
#   24.65 	   31.58 	  101.0 	    7.02 	    0.000000000 	    0.5 	 -999.0 	 02 Jan 2015 23:00:00 
#   25.09 	   32.58 	  101.1 	    6.93 	    0.000000000 	    0.3 	 -999.0 	 02 Jan 2015 23:15:00 
#   24.96 	   32.19 	  101.1 	    6.96 	    0.000000000 	    0.3 	 -999.0 	 02 Jan 2015 23:30:00 
#   24.86 	   31.43 	  100.2 	    6.94 	    0.000000000 	    0.5 	 -999.0 	 02 Jan 2015 23:45:00 
