#24.1509,  5.23903, 0.0804, 0.0815, 16.705, 0.563390,  35.1541, 08 Jan 2015 23:21:13
#24.1349,  5.24007, 0.0789, 0.0826, 16.750, 0.563502,  35.1745, 09 Jan 2015 00:01:13
#24.1790,  5.24978, 0.0778, 0.0827, 16.780, 0.562693,  35.2131, 09 Jan 2015 00:21:13
#24.1855,  5.25103, 0.0778, 0.0815, 16.793, 0.562554,  35.2174, 09 Jan 2015 00:41:13
#24.1696,  5.24965, 0.0776, 0.0814, 16.814, 0.562834,  35.2195, 09 Jan 2015 01:01:13
#24.1530,  5.24849, 0.0778, 0.0827, 16.838, 0.563070,  35.2238, 09 Jan 2015 01:21:13
#24.1329,  5.24645, 0.0779, 0.0825, 16.851, 0.563457,  35.2244, 09 Jan 2015 01:41:13
#24.1329,  5.24645, 0.0779, 0.0825, 16.851, 0.563457,  35.2244, 09 Jan 2015 01:41:13
#24.1264,  5.24588, 0.0777, 0.0825, 16.873, 0.563625,  35.2252, 09 Jan 2015 02:01:13
#24.1264,  5.24588, 0.0777, 0.0825, 16.873, 0.563625,  35.2252, 09 Jan 2015 02:01:13
#24.1264,  5.24588, 0.0777, 0.0825, 16.873, 0.563625,  35.2252, 09 Jan 2015 02:01:13
#24.1125,  5.24452, 0.0790, 0.0813, 16.754, 0.563832,  35.2259, 09 Jan 2015 02:41:13
#24.0961,  5.24330, 0.0790, 0.0829, 16.796, 0.564165,  35.2296, 09 Jan 2015 03:41:13
#24.0914,  5.24324, 0.0790, 0.0828, 16.835, 0.564252,  35.2328, 09 Jan 2015 04:01:13
#24.0676,  5.24083, 0.0801, 0.0869, 16.882, 0.564536,  35.2335, 09 Jan 2015 04:21:13
#24.0676,  5.24083, 0.0801, 0.0869, 16.882, 0.564536,  35.2335, 09 Jan 2015 04:21:13
#24.0659,  5.24071, 0.0789, 0.0816, 16.941, 0.564701,  35.2339, 09 Jan 2015 04:41:13
#24.0447,  5.23899, 0.0792, 0.0817, 17.039, 0.565081,  35.2377, 09 Jan 2015 05:21:13
#23.9807,  5.22413, 0.0803, 0.0837, 17.217, 0.566208,  35.1758, 09 Jan 2015 05:41:13
#23.8446,  5.19207, 0.0800, 0.0831, 17.318, 0.568873,  35.0402, 09 Jan 2015 06:01:13
#23.8315,  5.18025, 0.0898, 0.0842, 17.353, 0.568262,  34.9608, 09 Jan 2015 06:21:13
#23.9941,  5.22522, 0.0791, 0.0842, 17.313, 0.566123,  35.1734, 09 Jan 2015 06:41:13
#24.0369,  5.23183, 0.0789, 0.0843, 17.358, 0.565392,  35.1896, 09 Jan 2015 07:01:13
#24.0426,  5.23274, 0.0802, 0.0856, 17.363, 0.565189,  35.1920, 09 Jan 2015 07:21:13
#24.0426,  5.23274, 0.0802, 0.0856, 17.363, 0.565189,  35.1920, 09 Jan 2015 07:21:13
#23.8757,  5.18096, 0.0827, 0.0881, 17.634, 0.568090,  34.9314, 09 Jan 2015 07:41:13
#23.9544,  5.21115, 0.0836, 0.0849, 17.319, 0.566784,  35.0982, 09 Jan 2015 08:21:13
#23.9232,  5.18788, 0.0849, 0.0858, 17.423, 0.567371,  34.9465, 09 Jan 2015 08:41:13
#23.9232,  5.18788, 0.0849, 0.0858, 17.423, 0.567371,  34.9465, 09 Jan 2015 08:41:13
#23.9528,  5.19742, 0.0838, 0.0848, 17.454, 0.566742,  34.9955, 09 Jan 2015 09:01:13
#23.9649,  5.22823, 0.0789, 0.0856, 17.114, 0.566609,  35.2194, 09 Jan 2015 09:41:13
#23.9649,  5.22823, 0.0789, 0.0856, 17.114, 0.566609,  35.2194, 09 Jan 2015 09:41:13
#23.9578,  5.21848, 0.0802, 0.0927, 17.295, 0.566693,  35.1511, 09 Jan 2015 10:01:13
#24.0090,  5.22174, 0.0788, 0.0895, 17.501, 0.565734,  35.1353, 09 Jan 2015 10:41:13
#24.0435,  5.21069, 0.0824, 0.0852, 17.529, 0.565110,  35.0245, 09 Jan 2015 11:01:13
#24.0782,  5.21222, 0.0837, 0.0870, 17.608, 0.564318,  35.0088, 09 Jan 2015 11:21:13
#24.0782,  5.21222, 0.0837, 0.0870, 17.608, 0.564318,  35.0088, 09 Jan 2015 11:21:13
#24.1147,  5.23421, 0.0800, 0.0834, 16.956, 0.563797,  35.1462, 09 Jan 2015 11:41:13
#24.2541,  5.23339, 0.0871, 0.0897, 17.274, 0.560624,  35.0305, 09 Jan 2015 12:21:13
#24.2388,  5.24405, 0.0859, 0.1123, 16.978, 0.561525,  35.1228, 09 Jan 2015 12:41:13
#24.3130,  5.26765, 0.0884, 0.0840, 16.721, 0.560258,  35.2421, 09 Jan 2015 13:01:13
#24.2307,  5.25880, 0.0787, 0.0813, 16.726, 0.561731,  35.2404, 09 Jan 2015 13:21:13
#24.1929,  5.25514, 0.0823, 0.0830, 16.726, 0.562406,  35.2426, 09 Jan 2015 13:41:13
#24.1929,  5.25514, 0.0823, 0.0830, 16.726, 0.562406,  35.2426, 09 Jan 2015 13:41:13
#24.1929,  5.25514, 0.0823, 0.0830, 16.726, 0.562406,  35.2426, 09 Jan 2015 13:41:13
#24.1929,  5.25514, 0.0823, 0.0830, 16.726, 0.562406,  35.2426, 09 Jan 2015 13:41:13
#24.1929,  5.25514, 0.0823, 0.0830, 16.726, 0.562406,  35.2426, 09 Jan 2015 13:41:13
#24.1823,  5.25412, 0.0775, 0.0928, 16.725, 0.562614,  35.2432, 09 Jan 2015 14:01:13
#24.4393,  5.27258, 0.0981, 0.0877, 16.653, 0.557903,  35.1798, 09 Jan 2015 15:41:13
#24.4492,  5.27790, 0.0908, 0.0850, 16.636, 0.557832,  35.2119, 09 Jan 2015 16:01:13
#24.3205,  5.26805, 0.0856, 0.0805, 16.634, 0.560067,  35.2392, 09 Jan 2015 16:21:13
#24.3021,  5.26616, 0.0859, 0.0829, 16.640, 0.560407,  35.2395, 09 Jan 2015 16:41:13
#24.3021,  5.26616, 0.0859, 0.0829, 16.640, 0.560407,  35.2395, 09 Jan 2015 16:41:13
#24.4295,  5.27094, 0.1002, 0.0852, 16.490, 0.558093,  35.1751, 09 Jan 2015 17:01:13
#24.4335,  5.26582, 0.1052, 0.0855, 16.436, 0.558100,  35.1336, 09 Jan 2015 17:41:13
#24.4335,  5.26582, 0.1052, 0.0855, 16.436, 0.558100,  35.1336, 09 Jan 2015 17:41:13
#24.3485,  5.26078, 0.0985, 0.0857, 16.536, 0.559619,  35.1625, 09 Jan 2015 18:01:13
#24.3685,  5.26018, 0.0994, 0.0868, 16.101, 0.559200,  35.1423, 09 Jan 2015 18:41:13
#24.3488,  5.26175, 0.0979, 0.0883, 16.279, 0.559594,  35.1696, 09 Jan 2015 19:01:13
#24.4000,  5.26051, 0.0982, 0.0874, 16.179, 0.558672,  35.1200, 09 Jan 2015 19:21:13
#24.4453,  5.26644, 0.0919, 0.0887, 16.038, 0.557827,  35.1290, 09 Jan 2015 19:41:13
#24.2721,  5.26108, 0.0872, 0.0837, 16.632, 0.561034,  35.2249, 09 Jan 2015 20:01:13
#24.2820,  5.26319, 0.0846, 0.0839, 16.679, 0.560800,  35.2329, 09 Jan 2015 20:21:13
#24.2904,  5.26454, 0.0834, 0.0827, 16.714, 0.560675,  35.2365, 09 Jan 2015 20:41:13
#24.3105,  5.26640, 0.0835, 0.0839, 16.625, 0.560320,  35.2347, 09 Jan 2015 21:01:13
#24.3202,  5.26756, 0.0810, 0.0843, 16.619, 0.560134,  35.2358, 09 Jan 2015 21:21:13
#24.3263,  5.26819, 0.0845, 0.0844, 16.644, 0.560036,  35.2357, 09 Jan 2015 21:41:13
#24.3213,  5.26770, 0.0811, 0.0844, 16.717, 0.560129,  35.2359, 09 Jan 2015 22:01:13
#24.3286,  5.26872, 0.0812, 0.0857, 16.629, 0.559939,  35.2378, 09 Jan 2015 22:21:13
#24.3533,  5.27108, 0.0799, 0.0848, 16.690, 0.559547,  35.2362, 09 Jan 2015 22:41:13
#24.3470,  5.27040, 0.0798, 0.0853, 16.724, 0.559642,  35.2360, 09 Jan 2015 23:01:13
#24.3431,  5.26993, 0.0797, 0.0849, 16.725, 0.559723,  35.2356, 09 Jan 2015 23:21:13
