#24.2172,  5.25717, 0.0915, 0.0865, 16.816, 0.561999,  35.2387, 10 Jan 2015 23:41:13
#24.2068,  5.25626, 0.0940, 0.0849, 16.822, 0.562145,  35.2400, 11 Jan 2015 00:01:13
#24.1845,  5.25132, 0.0940, 0.0858, 16.795, 0.562520,  35.2204, 11 Jan 2015 00:21:13
#24.2101,  5.25135, 0.0902, 0.0885, 16.903, 0.562095,  35.2004, 11 Jan 2015 00:41:13
#24.2293,  5.25676, 0.0916, 0.0861, 16.864, 0.561774,  35.2260, 11 Jan 2015 01:01:13
#24.2095,  5.25482, 0.0915, 0.0862, 16.978, 0.562122,  35.2271, 11 Jan 2015 01:21:13
#24.1948,  5.25424, 0.0929, 0.0847, 16.911, 0.562378,  35.2342, 11 Jan 2015 01:41:13
#24.1854,  5.25346, 0.0941, 0.0835, 16.865, 0.562568,  35.2358, 11 Jan 2015 02:01:13
#24.1806,  5.25342, 0.0942, 0.0846, 16.856, 0.562650,  35.2393, 11 Jan 2015 02:21:13
#24.1655,  5.25192, 0.0953, 0.0833, 16.903, 0.562902,  35.2399, 11 Jan 2015 02:41:13
#24.1576,  5.25139, 0.0964, 0.0846, 16.842, 0.563050,  35.2421, 11 Jan 2015 03:01:13
#24.1563,  5.25119, 0.0977, 0.0835, 16.826, 0.563092,  35.2417, 11 Jan 2015 03:21:13
#24.1385,  5.24943, 0.0984, 0.0832, 16.816, 0.563363,  35.2424, 11 Jan 2015 03:41:13
#24.1367,  5.24934, 0.0953, 0.0833, 16.828, 0.563476,  35.2431, 11 Jan 2015 04:01:13
#24.0339,  5.19755, 0.0977, 0.0868, 17.203, 0.565073,  34.9328, 11 Jan 2015 04:21:13
#24.0904,  5.21370, 0.0976, 0.0881, 17.307, 0.564303,  35.0105, 11 Jan 2015 04:41:13
#24.1248,  5.22269, 0.0964, 0.0891, 17.297, 0.563698,  35.0512, 11 Jan 2015 05:01:13
#24.0777,  5.22386, 0.0942, 0.0856, 17.235, 0.564479,  35.0972, 11 Jan 2015 05:21:13
#24.1057,  5.23994, 0.0938, 0.0854, 17.147, 0.564031,  35.1966, 11 Jan 2015 05:41:13
#24.0739,  5.23476, 0.0963, 0.0868, 17.161, 0.564576,  35.1826, 11 Jan 2015 06:01:13
#24.0468,  5.23163, 0.0942, 0.0855, 17.174, 0.565113,  35.1803, 11 Jan 2015 06:21:13
#24.0626,  5.23667, 0.0938, 0.0852, 17.132, 0.564657,  35.2060, 11 Jan 2015 06:41:13
#23.9294,  5.21208, 0.0962, 0.0878, 17.204, 0.567156,  35.1250, 11 Jan 2015 07:01:13
#23.9709,  5.21982, 0.0951, 0.0838, 17.141, 0.566372,  35.1509, 11 Jan 2015 07:21:13
#23.7895,  5.18603, 0.0952, 0.0840, 17.183, 0.569437,  35.0378, 11 Jan 2015 07:41:13
#24.0109,  5.22964, 0.0965, 0.0829, 16.997, 0.565843,  35.1936, 11 Jan 2015 08:01:13
#23.9425,  5.21609, 0.0953, 0.0841, 17.015, 0.566885,  35.1450, 11 Jan 2015 08:21:13
#23.9286,  5.20960, 0.0889, 0.0842, 17.044, 0.567075,  35.1069, 11 Jan 2015 08:41:13
#24.0357,  5.21361, 0.0952, 0.0839, 17.051, 0.565161,  35.0528, 11 Jan 2015 09:01:13
#24.1506,  5.22642, 0.0941, 0.0853, 17.145, 0.563236,  35.0592, 11 Jan 2015 09:21:13
#24.1829,  5.24582, 0.0952, 0.0826, 17.034, 0.562524,  35.1802, 11 Jan 2015 09:41:13
#24.1829,  5.24582, 0.0952, 0.0826, 17.034, 0.562524,  35.1802, 11 Jan 2015 09:41:13
#24.1385,  5.24636, 0.0964, 0.0838, 16.914, 0.563350,  35.2192, 11 Jan 2015 10:01:13
#24.1553,  5.24941, 0.0916, 0.0828, 16.861, 0.563086,  35.2290, 11 Jan 2015 10:41:13
#24.1854,  5.25191, 0.0890, 0.0827, 16.951, 0.562480,  35.2241, 11 Jan 2015 11:01:13
#24.1854,  5.25191, 0.0890, 0.0827, 16.951, 0.562480,  35.2241, 11 Jan 2015 11:01:13
#24.2735,  5.25805, 0.0916, 0.0839, 16.953, 0.560842,  35.2009, 11 Jan 2015 11:21:13
#24.3067,  5.26509, 0.0879, 0.0841, 17.156, 0.560226,  35.2278, 11 Jan 2015 12:01:13
#24.3928,  5.27450, 0.0901, 0.1005, 17.155, 0.558758,  35.2308, 11 Jan 2015 12:21:13
#24.3531,  5.26809, 0.0890, 0.1208, 17.070, 0.559184,  35.2138, 11 Jan 2015 12:41:13
#24.3531,  5.26809, 0.0890, 0.1208, 17.070, 0.559184,  35.2138, 11 Jan 2015 12:41:13
#24.5003,  5.28453, 0.0892, 0.0813, 16.962, 0.556850,  35.2215, 11 Jan 2015 13:01:13
#24.7044,  5.30972, 0.0893, 0.0827, 16.876, 0.553346,  35.2499, 11 Jan 2015 13:41:13
#24.6984,  5.30881, 0.0905, 0.0827, 17.067, 0.553379,  35.2478, 11 Jan 2015 14:01:13
#24.7160,  5.31122, 0.0908, 0.0827, 17.053, 0.553074,  35.2521, 11 Jan 2015 14:21:13
#24.7160,  5.31122, 0.0908, 0.0827, 17.053, 0.553074,  35.2521, 11 Jan 2015 14:21:13
#24.7967,  5.32004, 0.0942, 0.0814, 16.908, 0.551693,  35.2546, 11 Jan 2015 14:41:13
#24.8327,  5.32416, 0.0963, 0.0813, 16.687, 0.550983,  35.2572, 11 Jan 2015 15:21:13
#24.8388,  5.32379, 0.1049, 0.0813, 16.764, 0.550893,  35.2496, 11 Jan 2015 15:41:13
#24.8120,  5.32087, 0.1023, 0.0825, 16.728, 0.551359,  35.2489, 11 Jan 2015 16:01:13
#24.7967,  5.31907, 0.1049, 0.0827, 16.705, 0.551605,  35.2474, 11 Jan 2015 16:21:13
#24.7643,  5.31534, 0.1083, 0.0836, 16.650, 0.552195,  35.2449, 11 Jan 2015 16:41:13
#24.7591,  5.31543, 0.1085, 0.0825, 16.659, 0.552319,  35.2497, 11 Jan 2015 17:01:13
#24.6776,  5.30643, 0.1036, 0.0835, 16.613, 0.553715,  35.2464, 11 Jan 2015 17:21:13
#24.7030,  5.31023, 0.1046, 0.0813, 16.635, 0.553409,  35.2548, 11 Jan 2015 17:41:13
#24.7067,  5.30958, 0.1036, 0.0837, 16.592, 0.553285,  35.2471, 11 Jan 2015 18:01:13
#24.7067,  5.30958, 0.1036, 0.0837, 16.592, 0.553285,  35.2471, 11 Jan 2015 18:01:13
#24.6481,  5.30398, 0.1057, 0.0816, 16.649, 0.554289,  35.2511, 11 Jan 2015 18:21:13
#24.6741,  5.30500, 0.1098, 0.0836, 16.817, 0.553843,  35.2384, 11 Jan 2015 19:01:13
#24.6878,  5.30621, 0.1051, 0.0834, 16.579, 0.553696,  35.2368, 11 Jan 2015 19:21:13
#24.9332,  5.33263, 0.0949, 0.0897, 15.827, 0.549055,  35.2416, 11 Jan 2015 19:41:13
#24.7913,  5.31514, 0.1071, 0.0873, 16.338, 0.551491,  35.2223, 11 Jan 2015 20:01:13
#24.7017,  5.30545, 0.1095, 0.0873, 16.419, 0.553273,  35.2201, 11 Jan 2015 20:21:13
#24.6095,  5.29691, 0.1049, 0.0870, 16.393, 0.554937,  35.2286, 11 Jan 2015 20:41:13
#24.6275,  5.30035, 0.1014, 0.0856, 16.336, 0.554610,  35.2402, 11 Jan 2015 21:01:13
#24.5562,  5.29373, 0.1011, 0.0855, 16.503, 0.555841,  35.2465, 11 Jan 2015 21:21:13
#24.5327,  5.29080, 0.1036, 0.0895, 16.598, 0.556564,  35.2431, 11 Jan 2015 21:41:13
#24.5505,  5.28709, 0.0997, 0.0870, 16.509, 0.556001,  35.2013, 11 Jan 2015 22:01:13
#24.5335,  5.28897, 0.1011, 0.0906, 16.547, 0.556274,  35.2287, 11 Jan 2015 22:21:13
#24.5248,  5.28843, 0.0989, 0.0865, 16.587, 0.556456,  35.2315, 11 Jan 2015 22:41:13
#24.5171,  5.28715, 0.0988, 0.0863, 16.606, 0.556595,  35.2280, 11 Jan 2015 23:01:13
#24.4772,  5.28548, 0.0962, 0.0861, 16.690, 0.557314,  35.2468, 11 Jan 2015 23:21:13
