#24.3441,  5.27271, 0.0954, 0.0862, 16.632, 0.559723,  35.2557, 15 Jan 2015 23:41:13
#24.3383,  5.27210, 0.0955, 0.0861, 16.669, 0.559785,  35.2557, 16 Jan 2015 00:01:13
#24.3412,  5.27230, 0.0981, 0.0872, 16.667, 0.559757,  35.2549, 16 Jan 2015 00:21:13
#24.3234,  5.27047, 0.1004, 0.0873, 16.655, 0.560059,  35.2551, 16 Jan 2015 00:41:13
#24.3273,  5.27077, 0.0994, 0.0872, 16.674, 0.560004,  35.2543, 16 Jan 2015 01:01:13
#24.3312,  5.27108, 0.0981, 0.0872, 16.657, 0.559923,  35.2535, 16 Jan 2015 01:21:13
#24.3398,  5.25563, 0.1028, 0.0907, 16.668, 0.559791,  35.1306, 16 Jan 2015 01:41:13
#24.3347,  5.25479, 0.1029, 0.0912, 16.783, 0.559899,  35.1283, 16 Jan 2015 02:01:13
#24.2667,  5.23071, 0.1065, 0.0927, 16.824, 0.561119,  35.0005, 16 Jan 2015 02:21:13
#24.3620,  5.24545, 0.1042, 0.0910, 16.843, 0.559444,  35.0366, 16 Jan 2015 02:41:13
#24.3767,  5.26070, 0.1038, 0.0922, 16.865, 0.559136,  35.1397, 16 Jan 2015 03:01:13
#24.3698,  5.26756, 0.1018, 0.0946, 16.855, 0.559266,  35.1967, 16 Jan 2015 03:21:13
#24.3658,  5.25294, 0.1031, 0.0919, 16.954, 0.559240,  35.0899, 16 Jan 2015 03:41:13
#24.3391,  5.25924, 0.1006, 0.0897, 16.929, 0.559899,  35.1582, 16 Jan 2015 04:01:13
#24.3333,  5.26040, 0.0995, 0.0883, 16.922, 0.559942,  35.1716, 16 Jan 2015 04:21:13
#24.3356,  5.25964, 0.0968, 0.0908, 17.005, 0.559914,  35.1640, 16 Jan 2015 04:41:13
#24.3132,  5.24039, 0.1025, 0.0942, 17.114, 0.560302,  35.0368, 16 Jan 2015 05:01:13
#24.3132,  5.24039, 0.1025, 0.0942, 17.114, 0.560302,  35.0368, 16 Jan 2015 05:01:13
#24.3395,  5.26325, 0.1005, 0.0928, 17.042, 0.559749,  35.1881, 16 Jan 2015 05:21:13
#24.3123,  5.25833, 0.0944, 0.0905, 17.127, 0.560034,  35.1725, 16 Jan 2015 06:01:13
#24.2348,  5.24570, 0.0978, 0.0916, 17.140, 0.561625,  35.1384, 16 Jan 2015 06:21:13
#24.2862,  5.25927, 0.0965, 0.0930, 17.188, 0.560753,  35.2001, 16 Jan 2015 06:41:13
#24.2747,  5.25555, 0.0976, 0.0966, 17.196, 0.560907,  35.1811, 16 Jan 2015 07:01:13
#24.2864,  5.26082, 0.0990, 0.0919, 17.006, 0.560734,  35.2116, 16 Jan 2015 07:21:13
#24.2640,  5.25649, 0.0977, 0.0926, 17.114, 0.561184,  35.1967, 16 Jan 2015 07:41:13
#24.2839,  5.25947, 0.0973, 0.0961, 17.198, 0.560796,  35.2034, 16 Jan 2015 08:01:13
#24.2782,  5.23093, 0.1119, 0.0972, 17.140, 0.560909,  34.9931, 16 Jan 2015 08:21:13
#24.2977,  5.23038, 0.1167, 0.0995, 17.115, 0.560549,  34.9737, 16 Jan 2015 08:41:13
#24.3065,  5.23439, 0.1263, 0.1007, 17.123, 0.560380,  34.9970, 16 Jan 2015 09:01:13
#24.3065,  5.23439, 0.1263, 0.1007, 17.123, 0.560380,  34.9970, 16 Jan 2015 09:01:13
#24.3043,  5.23836, 0.1188, 0.0995, 17.087, 0.560408,  35.0285, 16 Jan 2015 09:21:13
#24.3171,  5.25505, 0.1238, 0.1006, 17.020, 0.560117,  35.1441, 16 Jan 2015 09:41:13
#24.3512,  5.25168, 0.1178, 0.0944, 16.894, 0.559502,  35.0920, 16 Jan 2015 10:01:13
#24.3617,  5.23952, 0.1223, 0.1009, 16.893, 0.559199,  34.9924, 16 Jan 2015 10:21:13
#24.3815,  5.24258, 0.1164, 0.0994, 16.861, 0.559068,  34.9999, 16 Jan 2015 10:41:13
#24.3772,  5.25075, 0.1080, 0.1004, 16.853, 0.559053,  35.0645, 16 Jan 2015 11:01:13
#24.3938,  5.25534, 0.1006, 0.0980, 16.806, 0.558801,  35.0861, 16 Jan 2015 11:21:13
#24.3938,  5.25534, 0.1006, 0.0980, 16.806, 0.558801,  35.0861, 16 Jan 2015 11:21:13
#24.4332,  5.26592, 0.0996, 0.0997, 16.738, 0.558129,  35.1345, 16 Jan 2015 12:01:13
#24.4339,  5.26896, 0.0957, 0.0951, 16.698, 0.558068,  35.1568, 16 Jan 2015 12:21:13
#24.4135,  5.27140, 0.0969, 0.0917, 16.677, 0.558439,  35.1913, 16 Jan 2015 12:41:13
#24.4105,  5.27401, 0.0957, 0.0940, 16.654, 0.558518,  35.2132, 16 Jan 2015 13:01:13
#24.4144,  5.27665, 0.0967, 0.0915, 16.640, 0.558415,  35.2299, 16 Jan 2015 13:21:13
#24.4144,  5.27665, 0.0967, 0.0915, 16.640, 0.558415,  35.2299, 16 Jan 2015 13:21:13
#24.4377,  5.27913, 0.0957, 0.1415, 16.636, 0.558010,  35.2302, 16 Jan 2015 13:41:13
#24.5894,  5.29408, 0.0918, 0.1165, 16.289, 0.555334,  35.2231, 16 Jan 2015 14:21:13
#24.6489,  5.30090, 0.0943, 0.0957, 16.124, 0.554083,  35.2276, 16 Jan 2015 14:41:13
#24.5660,  5.29130, 0.0918, 0.0938, 16.305, 0.555687,  35.2207, 16 Jan 2015 15:01:13
#24.8074,  5.30173, 0.0993, 0.1223, 16.180, 0.551269,  35.1098, 16 Jan 2015 15:21:13
#24.7091,  5.29240, 0.1072, 0.0982, 16.200, 0.553309,  35.1169, 16 Jan 2015 15:41:13
#24.5436,  5.28789, 0.1038, 0.0902, 16.414, 0.556348,  35.2127, 16 Jan 2015 16:01:13
#24.5167,  5.28388, 0.1036, 0.0902, 16.439, 0.556494,  35.2038, 16 Jan 2015 16:21:13
#24.6933,  5.29720, 0.0999, 0.0915, 16.306, 0.553557,  35.1651, 16 Jan 2015 16:41:13
#24.6492,  5.30053, 0.0964, 0.0934, 16.210, 0.554248,  35.2245, 16 Jan 2015 17:01:13
#24.7314,  5.30802, 0.1000, 0.1019, 15.889, 0.552823,  35.2160, 16 Jan 2015 17:21:13
#24.6941,  5.30422, 0.0999, 0.1014, 16.019, 0.553465,  35.2169, 16 Jan 2015 17:41:13
#24.6970,  5.30484, 0.0987, 0.1087, 15.997, 0.553347,  35.2193, 16 Jan 2015 18:01:13
#24.7037,  5.30460, 0.1036, 0.0944, 16.202, 0.553290,  35.2123, 16 Jan 2015 18:21:13
#24.7030,  5.30477, 0.0999, 0.1065, 16.167, 0.553333,  35.2140, 16 Jan 2015 18:41:13
#24.6902,  5.30367, 0.0999, 0.1052, 16.190, 0.553528,  35.2158, 16 Jan 2015 19:01:13
#24.5879,  5.28379, 0.0961, 0.1003, 16.308, 0.555326,  35.1473, 16 Jan 2015 19:21:13
#24.5882,  5.27131, 0.1274, 0.1013, 16.368, 0.555328,  35.0537, 16 Jan 2015 19:41:13
#24.5837,  5.27390, 0.1370, 0.1013, 16.398, 0.555286,  35.0766, 16 Jan 2015 20:01:13
#24.6122,  5.26824, 0.1382, 0.1027, 16.392, 0.554905,  35.0120, 16 Jan 2015 20:21:13
#24.6208,  5.27386, 0.1405, 0.1025, 16.414, 0.554767,  35.0473, 16 Jan 2015 20:41:13
#24.5995,  5.25918, 0.1417, 0.1038, 16.495, 0.555206,  34.9541, 16 Jan 2015 21:01:13
#24.5840,  5.26039, 0.1334, 0.0999, 16.451, 0.555372,  34.9753, 16 Jan 2015 21:21:13
#24.5357,  5.26750, 0.1212, 0.0979, 16.487, 0.556285,  35.0662, 16 Jan 2015 21:41:13
#24.5449,  5.26728, 0.1213, 0.0986, 16.440, 0.556143,  35.0574, 16 Jan 2015 22:01:13
#24.4711,  5.26848, 0.1163, 0.0952, 16.503, 0.557502,  35.1241, 16 Jan 2015 22:21:13
#24.4312,  5.26842, 0.1114, 0.0940, 16.564, 0.558155,  35.1549, 16 Jan 2015 22:41:13
#24.4312,  5.26842, 0.1114, 0.0940, 16.564, 0.558155,  35.1549, 16 Jan 2015 22:41:13
#24.4146,  5.26075, 0.1188, 0.0950, 16.599, 0.558423,  35.1103, 16 Jan 2015 23:01:13
