#24.2496,  5.23570, 0.0881, 0.0907, 16.680, 0.561363,  35.0514, 26 Jan 2015 23:21:13
#24.2703,  5.24230, 0.0852, 0.0906, 16.689, 0.561039,  35.0849, 27 Jan 2015 00:01:13
#24.2703,  5.24230, 0.0852, 0.0906, 16.689, 0.561039,  35.0849, 27 Jan 2015 00:01:13
#24.2703,  5.24230, 0.0852, 0.0906, 16.689, 0.561039,  35.0849, 27 Jan 2015 00:01:13
#24.2721,  5.24474, 0.0829, 0.0912, 16.704, 0.560983,  35.1018, 27 Jan 2015 00:21:13
#24.2829,  5.24744, 0.0804, 0.0889, 16.682, 0.560815,  35.1137, 27 Jan 2015 01:21:13
#24.2766,  5.24742, 0.0793, 0.0887, 16.677, 0.560910,  35.1184, 27 Jan 2015 01:41:13
#24.3149,  5.25367, 0.0770, 0.0872, 16.675, 0.560258,  35.1354, 27 Jan 2015 02:01:13
#24.3372,  5.25740, 0.0775, 0.0897, 16.675, 0.559845,  35.1459, 27 Jan 2015 02:21:13
#24.2799,  5.25082, 0.0812, 0.0911, 16.737, 0.560832,  35.1415, 27 Jan 2015 02:41:13
#24.2799,  5.25082, 0.0812, 0.0911, 16.737, 0.560832,  35.1415, 27 Jan 2015 02:41:13
#24.3011,  5.25328, 0.0797, 0.0916, 16.780, 0.560495,  35.1433, 27 Jan 2015 03:01:13
#24.3018,  5.25359, 0.0813, 0.0932, 16.938, 0.560462,  35.1451, 27 Jan 2015 03:41:13
#24.3296,  5.25698, 0.0811, 0.0954, 16.989, 0.559983,  35.1487, 27 Jan 2015 04:01:13
#24.3296,  5.25698, 0.0811, 0.0954, 16.989, 0.559983,  35.1487, 27 Jan 2015 04:01:13
#24.3296,  5.25698, 0.0811, 0.0954, 16.989, 0.559983,  35.1487, 27 Jan 2015 04:01:13
#24.3230,  5.25638, 0.0823, 0.0958, 16.906, 0.560243,  35.1494, 27 Jan 2015 04:21:13
#24.3230,  5.25638, 0.0823, 0.0958, 16.906, 0.560243,  35.1494, 27 Jan 2015 04:21:13
#24.3174,  5.25575, 0.0808, 0.0962, 16.984, 0.560132,  35.1491, 27 Jan 2015 05:21:13
#24.3187,  5.25555, 0.0825, 0.0988, 16.948, 0.560071,  35.1466, 27 Jan 2015 06:01:13
#24.3373,  5.25719, 0.0804, 0.0966, 16.917, 0.559852,  35.1443, 27 Jan 2015 06:21:13
#24.3373,  5.25719, 0.0804, 0.0966, 16.917, 0.559852,  35.1443, 27 Jan 2015 06:21:13
#24.3489,  5.25843, 0.0819, 0.1088, 16.919, 0.559618,  35.1445, 27 Jan 2015 06:41:13
#24.3640,  5.26026, 0.0811, 0.0858, 16.861, 0.559323,  35.1463, 27 Jan 2015 07:21:13
#24.3536,  5.25922, 0.0789, 0.0842, 16.809, 0.559526,  35.1468, 27 Jan 2015 07:41:13
#24.3727,  5.26129, 0.0790, 0.0822, 16.801, 0.559170,  35.1473, 27 Jan 2015 08:01:13
#24.3741,  5.26165, 0.0785, 0.0832, 16.798, 0.559171,  35.1489, 27 Jan 2015 08:21:13
#24.3741,  5.26165, 0.0785, 0.0832, 16.798, 0.559171,  35.1489, 27 Jan 2015 08:21:13
#24.1323,  5.19936, 0.0826, 0.0858, 17.091, 0.563517,  34.8694, 27 Jan 2015 08:41:13
#24.1260,  5.18969, 0.0816, 0.0930, 17.145, 0.563641,  34.8014, 27 Jan 2015 09:21:13
#24.1151,  5.18116, 0.0785, 0.0990, 17.182, 0.563805,  34.7456, 27 Jan 2015 09:41:13
#24.1220,  5.17370, 0.0791, 0.0860, 17.155, 0.563402,  34.6839, 27 Jan 2015 10:01:13
#24.1901,  5.20091, 0.0731, 0.0821, 17.115, 0.562529,  34.8360, 27 Jan 2015 10:21:13
#24.1725,  5.17938, 0.0805, 0.0857, 17.085, 0.562929,  34.6876, 27 Jan 2015 10:41:13
#24.1739,  5.17686, 0.0842, 0.0849, 17.046, 0.562663,  34.6674, 27 Jan 2015 11:01:13
#24.2410,  5.20495, 0.0809, 0.0871, 17.018, 0.561840,  34.8267, 27 Jan 2015 11:21:13
#24.2410,  5.20495, 0.0809, 0.0871, 17.018, 0.561840,  34.8267, 27 Jan 2015 11:21:13
#24.2376,  5.17987, 0.0840, 0.0887, 17.020, 0.561585,  34.6407, 27 Jan 2015 11:41:13
#24.2798,  5.20713, 0.0869, 0.0968, 16.885, 0.560990,  34.8128, 27 Jan 2015 12:21:13
#24.3480,  5.24131, 0.0806, 0.0965, 16.867, 0.559607,  35.0165, 27 Jan 2015 12:41:13
#24.3480,  5.24131, 0.0806, 0.0965, 16.867, 0.559607,  35.0165, 27 Jan 2015 12:41:13
#24.4105,  5.18053, 0.0804, 0.0926, 16.644, 0.558610,  34.5120, 27 Jan 2015 13:21:13
#24.4042,  5.20142, 0.0851, 0.0909, 16.647, 0.558668,  34.6734, 27 Jan 2015 13:41:13
#24.4545,  5.23361, 0.0838, 0.0947, 16.618, 0.557662,  34.8756, 27 Jan 2015 14:01:13
#24.5399,  5.21978, 0.0850, 0.0907, 16.550, 0.556192,  34.7058, 27 Jan 2015 14:21:13
#24.5754,  5.22987, 0.0825, 0.0902, 16.559, 0.555623,  34.7537, 27 Jan 2015 14:41:13
#24.5616,  5.22913, 0.0966, 0.0947, 16.410, 0.555738,  34.7590, 27 Jan 2015 15:01:13
#24.4745,  5.24156, 0.0989, 0.0956, 16.459, 0.557698,  34.9196, 27 Jan 2015 15:21:13
#24.4745,  5.24156, 0.0989, 0.0956, 16.459, 0.557698,  34.9196, 27 Jan 2015 15:21:13
#24.4865,  5.24056, 0.0922, 0.0970, 16.417, 0.557074,  34.9028, 27 Jan 2015 15:41:13
#24.5170,  5.23865, 0.0965, 0.0910, 16.575, 0.556655,  34.8647, 27 Jan 2015 16:21:13
#24.4665,  5.25837, 0.0964, 0.0882, 16.680, 0.557509,  35.0518, 27 Jan 2015 16:41:13
#24.4553,  5.24699, 0.1001, 0.0873, 16.636, 0.557703,  34.9753, 27 Jan 2015 17:01:13
#24.4707,  5.23135, 0.1050, 0.0879, 16.592, 0.557436,  34.8460, 27 Jan 2015 17:21:13
#24.4570,  5.23377, 0.1095, 0.0879, 16.597, 0.557689,  34.8749, 27 Jan 2015 17:41:13
#24.4669,  5.24058, 0.1073, 0.0895, 16.573, 0.557599,  34.9182, 27 Jan 2015 18:01:13
#24.4770,  5.23428, 0.1050, 0.0865, 16.463, 0.557349,  34.8632, 27 Jan 2015 18:21:13
#24.4695,  5.22871, 0.1119, 0.0878, 16.415, 0.557419,  34.8272, 27 Jan 2015 18:41:13
#24.4723,  5.24275, 0.1225, 0.0872, 16.468, 0.557445,  34.9302, 27 Jan 2015 19:01:13
#24.4723,  5.24275, 0.1225, 0.0872, 16.468, 0.557445,  34.9302, 27 Jan 2015 19:01:13
#24.4394,  5.23569, 0.1108, 0.0875, 16.538, 0.558074,  34.9030, 27 Jan 2015 19:21:13
#24.4061,  5.25597, 0.0957, 0.0846, 16.571, 0.558565,  35.0811, 27 Jan 2015 20:01:13
#24.3473,  5.23410, 0.1006, 0.0877, 16.650, 0.559726,  34.9629, 27 Jan 2015 20:21:13
#24.3737,  5.24677, 0.0980, 0.0858, 16.688, 0.559198,  35.0374, 27 Jan 2015 20:41:13
#24.3823,  5.26001, 0.0931, 0.0871, 16.697, 0.559088,  35.1302, 27 Jan 2015 21:01:13
#24.3362,  5.23702, 0.0981, 0.0850, 16.736, 0.559833,  34.9935, 27 Jan 2015 21:21:13
#24.3517,  5.24861, 0.0972, 0.0851, 16.756, 0.559603,  35.0685, 27 Jan 2015 21:41:13
#24.3517,  5.24861, 0.0972, 0.0851, 16.756, 0.559603,  35.0685, 27 Jan 2015 21:41:13
#24.2923,  5.22180, 0.0967, 0.0834, 16.804, 0.560632,  34.9133, 27 Jan 2015 22:01:13
#24.2595,  5.22642, 0.0894, 0.0848, 16.825, 0.561213,  34.9738, 27 Jan 2015 22:41:13
#24.2928,  5.23660, 0.0906, 0.0836, 16.827, 0.560663,  35.0244, 27 Jan 2015 23:01:13
#24.2928,  5.23660, 0.0906, 0.0836, 16.827, 0.560663,  35.0244, 27 Jan 2015 23:01:13
