#24.5977,  5.29082, 0.1030, 0.0988, 16.739, 0.555124,  35.1923, 21 Jan 2015 23:21:13
#24.5921,  5.28954, 0.1007, 0.1346, 16.685, 0.555217,  35.1871, 22 Jan 2015 00:01:13
#24.5921,  5.28954, 0.1007, 0.1346, 16.685, 0.555217,  35.1871, 22 Jan 2015 00:01:13
#24.5427,  5.28746, 0.2839, 0.1032, 16.758, 0.556148,  35.2102, 22 Jan 2015 00:41:13
#24.5412,  5.25650, 0.1237, 0.1043, 16.842, 0.556284,  34.9795, 22 Jan 2015 01:21:13
#24.5045,  5.26639, 0.1241, 0.1038, 16.824, 0.556841,  35.0823, 22 Jan 2015 01:41:13
#24.5383,  5.26267, 0.1288, 0.1286, 16.866, 0.556236,  35.0280, 22 Jan 2015 02:01:13
#24.5383,  5.26267, 0.1288, 0.1286, 16.866, 0.556236,  35.0280, 22 Jan 2015 02:01:13
#24.4779,  5.25936, 0.1208, 0.1077, 16.876, 0.557424,  35.0504, 22 Jan 2015 02:21:13
#24.4501,  5.25947, 0.1120, 0.1031, 16.835, 0.557810,  35.0730, 22 Jan 2015 03:01:13
#24.4467,  5.25602, 0.1133, 0.1027, 16.867, 0.557813,  35.0497, 22 Jan 2015 03:21:13
#24.4315,  5.26004, 0.1117, 0.1001, 16.824, 0.558134,  35.0917, 22 Jan 2015 03:41:13
#24.3814,  5.26733, 0.1118, 0.0943, 16.746, 0.558992,  35.1859, 22 Jan 2015 04:01:13
#24.3749,  5.26943, 0.1080, 0.0920, 16.765, 0.559151,  35.2067, 22 Jan 2015 04:21:13
#24.3689,  5.26729, 0.1079, 0.0935, 16.762, 0.559205,  35.1954, 22 Jan 2015 04:41:13
#24.3510,  5.26547, 0.1088, 0.0939, 16.762, 0.559561,  35.1958, 22 Jan 2015 05:01:13
#24.3337,  5.26289, 0.1059, 0.0908, 16.769, 0.559878,  35.1900, 22 Jan 2015 05:21:13
#24.3337,  5.26289, 0.1059, 0.0908, 16.769, 0.559878,  35.1900, 22 Jan 2015 05:21:13
#24.3153,  5.25090, 0.1069, 0.1117, 16.824, 0.560202,  35.1142, 22 Jan 2015 05:41:13
#24.3153,  5.25090, 0.1069, 0.1117, 16.824, 0.560202,  35.1142, 22 Jan 2015 05:41:13
#24.3512,  5.25961, 0.1094, 0.0993, 16.812, 0.559557,  35.1515, 22 Jan 2015 06:21:13
#24.2881,  5.24465, 0.1097, 0.1149, 16.851, 0.560623,  35.0886, 22 Jan 2015 07:01:13
#24.2506,  5.24573, 0.1108, 0.1069, 16.831, 0.561380,  35.1261, 22 Jan 2015 07:21:13
#24.1082,  5.23966, 0.1059, 0.0943, 16.835, 0.564161,  35.1925, 22 Jan 2015 07:41:13
#23.9930,  5.23836, 0.1071, 0.0912, 16.856, 0.565973,  35.2738, 22 Jan 2015 08:01:13
#24.1805,  5.25306, 0.1070, 0.1063, 16.765, 0.562581,  35.2367, 22 Jan 2015 08:21:13
#24.1999,  5.25371, 0.1204, 0.1461, 16.598, 0.562337,  35.2263, 22 Jan 2015 08:41:13
#24.1211,  5.24791, 0.1036, 0.1212, 16.673, 0.563686,  35.2447, 22 Jan 2015 09:01:13
#24.1415,  5.24981, 0.1072, 0.1262, 16.597, 0.563549,  35.2429, 22 Jan 2015 09:21:13
#24.1415,  5.24981, 0.1072, 0.1262, 16.597, 0.563549,  35.2429, 22 Jan 2015 09:21:13
#24.1415,  5.24981, 0.1072, 0.1262, 16.597, 0.563549,  35.2429, 22 Jan 2015 09:21:13
#24.1818,  5.25429, 0.1081, 0.1174, 16.590, 0.562655,  35.2449, 22 Jan 2015 10:21:13
#24.2964,  5.26181, 0.1047, 0.0874, 16.717, 0.560563,  35.2112, 22 Jan 2015 10:41:13
#24.2090,  5.25535, 0.1070, 0.0873, 16.740, 0.562168,  35.2314, 22 Jan 2015 11:01:13
#24.2425,  5.25946, 0.1077, 0.1022, 16.650, 0.561507,  35.2360, 22 Jan 2015 11:21:13
#24.2167,  5.25788, 0.1062, 0.1334, 16.521, 0.561962,  35.2444, 22 Jan 2015 11:41:13
#24.2454,  5.26010, 0.1074, 0.0962, 16.779, 0.560726,  35.2386, 22 Jan 2015 12:01:13
#24.3804,  5.27415, 0.1024, 0.1044, 16.695, 0.559262,  35.2379, 22 Jan 2015 12:21:13
#24.3315,  5.26975, 0.1095, 0.1128, 16.443, 0.559931,  35.2433, 22 Jan 2015 12:41:13
#24.6021,  5.29719, 0.1062, 0.1068, 16.481, 0.555042,  35.2365, 22 Jan 2015 13:01:13
#24.5426,  5.29156, 0.1133, 0.1054, 16.436, 0.556134,  35.2411, 22 Jan 2015 13:21:13
#24.6413,  5.30184, 0.1174, 0.1054, 16.358, 0.555026,  35.2405, 22 Jan 2015 13:41:13
#24.6191,  5.29819, 0.1154, 0.1066, 16.239, 0.554855,  35.2306, 22 Jan 2015 14:01:13
#24.6638,  5.28617, 0.1165, 0.1127, 16.348, 0.554009,  35.1058, 22 Jan 2015 14:21:13
#24.6828,  5.27848, 0.1223, 0.1197, 16.362, 0.553876,  35.0335, 22 Jan 2015 14:41:13
#24.6772,  5.27956, 0.1175, 0.1206, 16.332, 0.553719,  35.0460, 22 Jan 2015 15:01:13
#24.6772,  5.27956, 0.1175, 0.1206, 16.332, 0.553719,  35.0460, 22 Jan 2015 15:01:13
#24.3221,  5.26257, 0.1163, 0.1176, 16.486, 0.560822,  35.1967, 22 Jan 2015 15:21:13
#24.7702,  5.31189, 0.1199, 0.0988, 16.366, 0.551835,  35.2145, 22 Jan 2015 16:01:13
#24.5554,  5.29004, 0.1185, 0.1080, 16.234, 0.555040,  35.2196, 22 Jan 2015 16:21:13
#24.6034,  5.29534, 0.1186, 0.0990, 16.445, 0.555161,  35.2216, 22 Jan 2015 16:41:13
#24.6034,  5.29534, 0.1186, 0.0990, 16.445, 0.555161,  35.2216, 22 Jan 2015 16:41:13
#25.0057,  5.33877, 0.1257, 0.0898, 16.530, 0.548127,  35.2307, 22 Jan 2015 17:01:13
#24.8008,  5.31860, 0.1075, 0.1011, 16.209, 0.551582,  35.2406, 22 Jan 2015 17:41:13
#24.7607,  5.31432, 0.1110, 0.1088, 16.155, 0.552249,  35.2402, 22 Jan 2015 18:01:13
#24.7607,  5.31432, 0.1110, 0.1088, 16.155, 0.552249,  35.2402, 22 Jan 2015 18:01:13
#24.6575,  5.30369, 0.1073, 0.1085, 16.182, 0.554271,  35.2417, 22 Jan 2015 18:21:13
#24.6402,  5.30238, 0.1024, 0.0914, 16.440, 0.554434,  35.2454, 22 Jan 2015 19:01:13
#24.5981,  5.29809, 0.0988, 0.0832, 16.548, 0.555139,  35.2464, 22 Jan 2015 19:21:13
#24.6619,  5.30436, 0.0988, 0.0869, 16.493, 0.554229,  35.2432, 22 Jan 2015 19:41:13
#24.5729,  5.29358, 0.1072, 0.1132, 16.487, 0.555557,  35.2324, 22 Jan 2015 20:01:13
#24.6655,  5.30467, 0.1035, 0.0857, 16.524, 0.553968,  35.2427, 22 Jan 2015 20:21:13
#24.6649,  5.30443, 0.1059, 0.0883, 16.510, 0.553986,  35.2414, 22 Jan 2015 20:41:13
#24.6649,  5.30443, 0.1059, 0.0883, 16.510, 0.553986,  35.2414, 22 Jan 2015 20:41:13
#24.6547,  5.30240, 0.1143, 0.0937, 16.450, 0.554219,  35.2342, 22 Jan 2015 21:01:13
#24.6545,  5.30169, 0.1129, 0.0937, 16.514, 0.554158,  35.2290, 22 Jan 2015 21:21:13
#24.5879,  5.29404, 0.1106, 0.0947, 16.507, 0.555332,  35.2240, 22 Jan 2015 22:01:13
#24.6339,  5.29931, 0.1116, 0.0950, 16.470, 0.554588,  35.2274, 22 Jan 2015 22:21:13
#24.5816,  5.29416, 0.1163, 0.0970, 16.519, 0.555364,  35.2299, 22 Jan 2015 22:41:13
#24.5398,  5.29019, 0.1089, 0.0992, 16.642, 0.556208,  35.2330, 22 Jan 2015 23:01:13
#24.5036,  5.28691, 0.1090, 0.0983, 16.691, 0.556831,  35.2369, 22 Jan 2015 23:21:13
