#24.4245,  5.28048, 0.1001, 0.0849, 16.760, 0.558203,  35.2507, 11 Jan 2015 23:41:13
#24.4406,  5.28165, 0.0964, 0.0861, 16.749, 0.557998,  35.2469, 12 Jan 2015 00:01:13
#24.4387,  5.28154, 0.0965, 0.0859, 16.777, 0.557993,  35.2475, 12 Jan 2015 00:21:13
#24.4387,  5.28154, 0.0965, 0.0859, 16.777, 0.557993,  35.2475, 12 Jan 2015 00:21:13
#24.4019,  5.27053, 0.0964, 0.0860, 16.751, 0.558657,  35.1938, 12 Jan 2015 00:41:13
#24.3605,  5.24934, 0.0955, 0.0892, 16.824, 0.559348,  35.0670, 12 Jan 2015 01:21:13
#24.3605,  5.24934, 0.0955, 0.0892, 16.824, 0.559348,  35.0670, 12 Jan 2015 01:21:13
#24.3827,  5.26054, 0.0968, 0.0871, 16.878, 0.559073,  35.1338, 12 Jan 2015 01:41:13
#24.3776,  5.24992, 0.0980, 0.0864, 16.947, 0.559096,  35.0580, 12 Jan 2015 02:21:13
#24.3776,  5.24992, 0.0980, 0.0864, 16.947, 0.559096,  35.0580, 12 Jan 2015 02:21:13
#24.3776,  5.24992, 0.0980, 0.0864, 16.947, 0.559096,  35.0580, 12 Jan 2015 02:21:13
#24.3512,  5.25434, 0.0969, 0.0865, 16.931, 0.559540,  35.1119, 12 Jan 2015 02:41:13
#24.2522,  5.23926, 0.0971, 0.0862, 16.970, 0.561445,  35.0762, 12 Jan 2015 03:41:13
#24.2522,  5.23926, 0.0971, 0.0862, 16.970, 0.561445,  35.0762, 12 Jan 2015 03:41:13
#24.2614,  5.24580, 0.0971, 0.0863, 16.980, 0.561214,  35.1182, 12 Jan 2015 04:01:13
#24.2614,  5.24580, 0.0971, 0.0863, 16.980, 0.561214,  35.1182, 12 Jan 2015 04:01:13
#24.2614,  5.24580, 0.0971, 0.0863, 16.980, 0.561214,  35.1182, 12 Jan 2015 04:01:13
#24.2614,  5.24580, 0.0971, 0.0863, 16.980, 0.561214,  35.1182, 12 Jan 2015 04:01:13
#24.3069,  5.25684, 0.0995, 0.0875, 17.009, 0.560077,  35.1655, 12 Jan 2015 04:41:13
#24.1120,  5.23550, 0.0946, 0.0862, 17.200, 0.563813,  35.1581, 12 Jan 2015 06:01:13
#24.0692,  5.21209, 0.0970, 0.0862, 17.146, 0.564620,  35.0150, 12 Jan 2015 06:21:13
#24.0610,  5.21812, 0.0973, 0.0863, 17.073, 0.564804,  35.0670, 12 Jan 2015 06:41:13
#24.0376,  5.21668, 0.0959, 0.0850, 17.124, 0.565219,  35.0745, 12 Jan 2015 07:01:13
#24.0744,  5.23760, 0.0945, 0.0852, 17.003, 0.564590,  35.2036, 12 Jan 2015 07:21:13
#24.0671,  5.22588, 0.0941, 0.0850, 17.012, 0.564725,  35.1208, 12 Jan 2015 07:41:13
#24.0529,  5.22329, 0.0955, 0.1708, 17.002, 0.564962,  35.1124, 12 Jan 2015 08:01:13
#24.0692,  5.22786, 0.0975, 0.0937, 17.034, 0.564619,  35.1342, 12 Jan 2015 08:21:13
#24.0649,  5.22248, 0.0927, 0.0868, 17.055, 0.564690,  35.0968, 12 Jan 2015 08:41:13
#24.0815,  5.23616, 0.0929, 0.0855, 17.018, 0.564447,  35.1872, 12 Jan 2015 09:01:13
#24.0885,  5.23965, 0.1014, 0.0855, 17.032, 0.564285,  35.2080, 12 Jan 2015 09:21:13
#24.0956,  5.24111, 0.0903, 0.0891, 17.035, 0.564166,  35.2135, 12 Jan 2015 09:41:13
#24.0964,  5.24210, 0.0914, 0.0856, 17.024, 0.564146,  35.2203, 12 Jan 2015 10:01:13
#24.0991,  5.24263, 0.0939, 0.0842, 17.014, 0.564096,  35.2222, 12 Jan 2015 10:21:13
#24.1183,  5.24419, 0.0940, 0.0856, 17.035, 0.563736,  35.2189, 12 Jan 2015 10:41:13
#24.1996,  5.25049, 0.0903, 0.0844, 16.969, 0.562273,  35.2022, 12 Jan 2015 11:01:13
#24.1854,  5.25252, 0.0915, 0.0840, 16.922, 0.562350,  35.2287, 12 Jan 2015 11:21:13
#24.2964,  5.26459, 0.0904, 0.0843, 16.856, 0.560489,  35.2321, 12 Jan 2015 11:41:13
#24.2306,  5.25797, 0.0877, 0.0841, 16.842, 0.561685,  35.2342, 12 Jan 2015 12:01:13
#24.2628,  5.26292, 0.0903, 0.2321, 16.832, 0.560987,  35.2461, 12 Jan 2015 12:21:13
#24.4570,  5.28124, 0.0891, 0.0845, 16.780, 0.557523,  35.2309, 12 Jan 2015 12:41:13
#24.4457,  5.28219, 0.0879, 0.0841, 16.989, 0.557740,  35.2469, 12 Jan 2015 13:01:13
#24.6059,  5.29636, 0.0902, 0.0867, 17.280, 0.554862,  35.2272, 12 Jan 2015 13:21:13
#24.7191,  5.30588, 0.0927, 0.0865, 16.980, 0.553352,  35.2097, 12 Jan 2015 13:41:13
#24.7191,  5.30588, 0.0927, 0.0865, 16.980, 0.553352,  35.2097, 12 Jan 2015 13:41:13
#24.5970,  5.29708, 0.0913, 0.0853, 17.025, 0.554987,  35.2397, 12 Jan 2015 14:01:13
#24.5581,  5.29421, 0.0916, 0.0841, 16.819, 0.556024,  35.2487, 12 Jan 2015 14:41:13
#24.5415,  5.29276, 0.0928, 0.0852, 16.777, 0.556313,  35.2509, 12 Jan 2015 15:01:13
#24.5384,  5.29249, 0.0928, 0.0844, 16.754, 0.556253,  35.2512, 12 Jan 2015 15:21:13
#24.5271,  5.29135, 0.0943, 0.0867, 16.725, 0.556454,  35.2516, 12 Jan 2015 15:41:13
#24.5942,  5.29886, 0.1003, 0.0830, 16.683, 0.555184,  35.2551, 12 Jan 2015 16:01:13
#24.5832,  5.29739, 0.1053, 0.0845, 16.682, 0.555466,  35.2528, 12 Jan 2015 16:21:13
#24.5437,  5.29302, 0.1039, 0.0831, 16.680, 0.556112,  35.2511, 12 Jan 2015 16:41:13
#24.5491,  5.29393, 0.1076, 0.0844, 16.642, 0.556056,  35.2537, 12 Jan 2015 17:01:13
#24.5316,  5.29176, 0.1062, 0.0844, 16.618, 0.556346,  35.2511, 12 Jan 2015 17:21:13
#24.5316,  5.29176, 0.1062, 0.0844, 16.618, 0.556346,  35.2511, 12 Jan 2015 17:21:13
#24.5546,  5.29376, 0.1063, 0.0882, 16.450, 0.555971,  35.2481, 12 Jan 2015 17:41:13
#24.6725,  5.30770, 0.0933, 0.0894, 16.015, 0.553825,  35.2598, 12 Jan 2015 18:21:13
#24.6384,  5.30411, 0.0982, 0.0894, 16.114, 0.554455,  35.2597, 12 Jan 2015 18:41:13
#24.5721,  5.29695, 0.0992, 0.0885, 16.230, 0.555618,  35.2582, 12 Jan 2015 19:01:13
#24.4818,  5.28725, 0.1016, 0.0886, 16.309, 0.557206,  35.2565, 12 Jan 2015 19:21:13
#24.4314,  5.28060, 0.1026, 0.0880, 16.406, 0.558139,  35.2462, 12 Jan 2015 19:41:13
#24.4314,  5.28060, 0.1026, 0.0880, 16.406, 0.558139,  35.2462, 12 Jan 2015 19:41:13
#24.4422,  5.28152, 0.1053, 0.0868, 16.410, 0.557953,  35.2447, 12 Jan 2015 20:01:13
#24.3934,  5.27615, 0.1063, 0.0871, 16.457, 0.558807,  35.2427, 12 Jan 2015 20:41:13
#24.3631,  5.27312, 0.1078, 0.0859, 16.481, 0.559368,  35.2437, 12 Jan 2015 21:01:13
#24.3484,  5.26664, 0.1066, 0.0895, 16.382, 0.559648,  35.2066, 12 Jan 2015 21:21:13
#24.3484,  5.26664, 0.1066, 0.0895, 16.382, 0.559648,  35.2066, 12 Jan 2015 21:21:13
#24.3613,  5.26787, 0.1052, 0.0894, 16.377, 0.559407,  35.2057, 12 Jan 2015 21:41:13
#24.3158,  5.25039, 0.1066, 0.0905, 16.359, 0.560212,  35.1100, 12 Jan 2015 22:21:13
#24.3620,  5.25408, 0.1065, 0.0915, 16.361, 0.559416,  35.1015, 12 Jan 2015 22:41:13
#24.3554,  5.24523, 0.1105, 0.0892, 16.474, 0.559502,  35.0402, 12 Jan 2015 23:01:13
#24.2821,  5.24829, 0.1078, 0.0896, 16.529, 0.560787,  35.1207, 12 Jan 2015 23:21:13
