#24.0429,  5.24097, 0.0818, 0.0796, 16.665, 0.565184,  35.2541, 07 Jan 2015 23:41:13
#24.0350,  5.24008, 0.0807, 0.0793, 16.670, 0.565313,  35.2536, 08 Jan 2015 00:01:13
#24.0314,  5.23986, 0.0797, 0.0812, 16.693, 0.565330,  35.2548, 08 Jan 2015 00:21:13
#24.0347,  5.24016, 0.0808, 0.0803, 16.704, 0.565303,  35.2544, 08 Jan 2015 00:41:13
#23.9999,  5.23173, 0.0808, 0.0798, 16.759, 0.565952,  35.2181, 08 Jan 2015 01:01:13
#23.9741,  5.22245, 0.0818, 0.0820, 16.766, 0.566470,  35.1682, 08 Jan 2015 01:21:13
#23.8708,  5.20048, 0.0842, 0.0807, 16.808, 0.568830,  35.0833, 08 Jan 2015 01:41:13
#23.9488,  5.22184, 0.0831, 0.0807, 16.753, 0.566860,  35.1836, 08 Jan 2015 02:01:13
#23.9212,  5.22084, 0.0807, 0.0807, 16.756, 0.567356,  35.1979, 08 Jan 2015 02:21:13
#23.8816,  5.21466, 0.0830, 0.0844, 16.795, 0.568088,  35.1824, 08 Jan 2015 02:41:13
#23.8210,  5.20270, 0.0817, 0.0807, 16.820, 0.569520,  35.1396, 08 Jan 2015 03:01:13
#23.7589,  5.19544, 0.0806, 0.0795, 16.819, 0.570225,  35.1335, 08 Jan 2015 03:21:13
#23.7032,  5.16013, 0.0841, 0.0820, 17.005, 0.571349,  34.9089, 08 Jan 2015 03:41:13
#23.8672,  5.20262, 0.0829, 0.0806, 16.871, 0.568780,  35.1024, 08 Jan 2015 04:01:13
#23.9313,  5.21695, 0.0806, 0.0822, 16.802, 0.567301,  35.1604, 08 Jan 2015 04:21:13
#24.0468,  5.23910, 0.0804, 0.0973, 16.804, 0.565134,  35.2369, 08 Jan 2015 04:41:13
#24.0694,  5.24406, 0.0781, 0.0901, 16.879, 0.564780,  35.2565, 08 Jan 2015 05:01:13
#24.0694,  5.24406, 0.0781, 0.0901, 16.879, 0.564780,  35.2565, 08 Jan 2015 05:01:13
#23.9518,  5.22086, 0.0795, 0.0857, 16.843, 0.566861,  35.1739, 08 Jan 2015 05:21:13
#23.9888,  5.22510, 0.0793, 0.0848, 16.890, 0.566214,  35.1767, 08 Jan 2015 06:01:13
#23.9969,  5.23052, 0.0781, 0.0829, 16.924, 0.566058,  35.2113, 08 Jan 2015 06:21:13
#23.9721,  5.22679, 0.0794, 0.0827, 16.888, 0.566435,  35.2027, 08 Jan 2015 06:41:13
#23.8972,  5.21229, 0.0830, 0.0851, 16.977, 0.567871,  35.1520, 08 Jan 2015 07:01:13
#23.8183,  5.20033, 0.0804, 0.0885, 17.007, 0.569238,  35.1237, 08 Jan 2015 07:21:13
#23.8738,  5.21167, 0.0820, 0.0823, 16.985, 0.568237,  35.1658, 08 Jan 2015 07:41:13
#23.8740,  5.21355, 0.0817, 0.0870, 16.930, 0.568125,  35.1800, 08 Jan 2015 08:01:13
#23.8881,  5.21734, 0.0803, 0.0846, 16.935, 0.567840,  35.1976, 08 Jan 2015 08:21:13
#23.9563,  5.22837, 0.0792, 0.0819, 16.878, 0.566696,  35.2272, 08 Jan 2015 08:41:13
#23.9613,  5.22974, 0.0794, 0.0820, 16.853, 0.566564,  35.2336, 08 Jan 2015 09:01:13
#23.9861,  5.23268, 0.0780, 0.0832, 16.882, 0.566154,  35.2363, 08 Jan 2015 09:21:13
#23.9572,  5.22071, 0.0803, 0.0820, 16.985, 0.566646,  35.1684, 08 Jan 2015 09:41:13
#23.9759,  5.22161, 0.0816, 0.0846, 17.053, 0.566268,  35.1605, 08 Jan 2015 10:01:13
#23.9780,  5.21565, 0.0852, 0.2332, 17.066, 0.566386,  35.1137, 08 Jan 2015 10:21:13
#23.9732,  5.20425, 0.0900, 0.0853, 17.091, 0.566396,  35.0312, 08 Jan 2015 10:41:13
#23.9507,  5.19429, 0.0876, 0.0840, 17.070, 0.566665,  34.9735, 08 Jan 2015 11:01:13
#23.9968,  5.21349, 0.0840, 0.0850, 16.979, 0.565979,  35.0825, 08 Jan 2015 11:21:13
#24.0294,  5.19503, 0.0900, 0.0861, 16.994, 0.565365,  34.9173, 08 Jan 2015 11:41:13
#24.0346,  5.18460, 0.0949, 0.0848, 17.046, 0.565277,  34.8344, 08 Jan 2015 12:01:13
#24.0346,  5.18460, 0.0949, 0.0848, 17.046, 0.565277,  34.8344, 08 Jan 2015 12:01:13
#24.0346,  5.18460, 0.0949, 0.0848, 17.046, 0.565277,  34.8344, 08 Jan 2015 12:01:13
#24.0346,  5.18460, 0.0949, 0.0848, 17.046, 0.565277,  34.8344, 08 Jan 2015 12:01:13
#24.0191,  5.16558, 0.1008, 0.0885, 17.052, 0.565502,  34.7028, 08 Jan 2015 12:21:13
#24.1522,  5.19722, 0.0983, 0.0850, 16.770, 0.563127,  34.8377, 08 Jan 2015 13:41:13
#24.2499,  5.21837, 0.0875, 0.0837, 16.752, 0.561373,  34.9207, 08 Jan 2015 14:01:13
#24.2635,  5.22311, 0.0889, 0.0840, 16.740, 0.561167,  34.9458, 08 Jan 2015 14:21:13
#24.2638,  5.20666, 0.0923, 0.0849, 16.674, 0.561144,  34.8218, 08 Jan 2015 14:41:13
#24.2849,  5.21995, 0.0924, 0.0837, 16.676, 0.560763,  34.9053, 08 Jan 2015 15:01:13
#24.2849,  5.21995, 0.0924, 0.0837, 16.676, 0.560763,  34.9053, 08 Jan 2015 15:01:13
#24.2898,  5.20078, 0.0965, 0.0854, 16.634, 0.560738,  34.7573, 08 Jan 2015 15:21:13
#24.3145,  5.17574, 0.1003, 0.0864, 16.569, 0.560013,  34.5502, 08 Jan 2015 16:01:13
#24.3145,  5.17574, 0.1003, 0.0864, 16.569, 0.560013,  34.5502, 08 Jan 2015 16:01:13
#24.3145,  5.17574, 0.1003, 0.0864, 16.569, 0.560013,  34.5502, 08 Jan 2015 16:01:13
#24.3365,  5.21171, 0.0921, 0.0830, 16.538, 0.559993,  34.8031, 08 Jan 2015 16:21:13
#24.3365,  5.21171, 0.0921, 0.0830, 16.538, 0.559993,  34.8031, 08 Jan 2015 16:21:13
#24.3365,  5.21171, 0.0921, 0.0830, 16.538, 0.559993,  34.8031, 08 Jan 2015 16:21:13
#24.3365,  5.21171, 0.0921, 0.0830, 16.538, 0.559993,  34.8031, 08 Jan 2015 16:21:13
#24.3365,  5.21171, 0.0921, 0.0830, 16.538, 0.559993,  34.8031, 08 Jan 2015 16:21:13
#24.3272,  5.25562, 0.0903, 0.0828, 16.661, 0.560025,  35.1403, 08 Jan 2015 18:41:13
#24.3295,  5.26051, 0.0805, 0.0813, 16.664, 0.560057,  35.1754, 08 Jan 2015 19:01:13
#24.2789,  5.24167, 0.0817, 0.0816, 16.647, 0.561087,  35.0734, 08 Jan 2015 19:21:13
#24.2470,  5.23830, 0.0817, 0.0814, 16.663, 0.561480,  35.0730, 08 Jan 2015 19:41:13
#24.1841,  5.22633, 0.0815, 0.0814, 16.670, 0.562614,  35.0323, 08 Jan 2015 20:01:13
#24.1841,  5.22633, 0.0815, 0.0814, 16.670, 0.562614,  35.0323, 08 Jan 2015 20:01:13
#24.1841,  5.22633, 0.0815, 0.0814, 16.670, 0.562614,  35.0323, 08 Jan 2015 20:01:13
#24.1117,  5.21475, 0.0828, 0.0813, 16.687, 0.563928,  35.0016, 08 Jan 2015 20:21:13
#24.1117,  5.21475, 0.0828, 0.0813, 16.687, 0.563928,  35.0016, 08 Jan 2015 20:21:13
#24.1117,  5.21475, 0.0828, 0.0813, 16.687, 0.563928,  35.0016, 08 Jan 2015 20:21:13
#24.1310,  5.22604, 0.0828, 0.0825, 16.730, 0.563719,  35.0718, 08 Jan 2015 21:21:13
#24.0573,  5.21716, 0.0815, 0.0814, 16.705, 0.564869,  35.0627, 08 Jan 2015 22:21:13
#24.0675,  5.21932, 0.0827, 0.0823, 16.718, 0.564633,  35.0709, 08 Jan 2015 22:41:13
#24.0805,  5.22602, 0.0813, 0.0814, 16.710, 0.564790,  35.1113, 08 Jan 2015 23:01:13
#24.0805,  5.22602, 0.0813, 0.0814, 16.710, 0.564790,  35.1113, 08 Jan 2015 23:01:13
