#23.9112,  5.23176, 0.0878, 0.0828, 16.768, 0.567610,  35.2887, 06 Jan 2015 23:21:13
#23.9337,  5.23423, 0.0908, 0.0810, 16.777, 0.567138,  35.2896, 07 Jan 2015 00:01:13
#23.9312,  5.23397, 0.0863, 0.0810, 16.784, 0.567168,  35.2896, 07 Jan 2015 00:21:13
#23.8970,  5.23055, 0.0876, 0.0810, 16.808, 0.567754,  35.2908, 07 Jan 2015 00:41:13
#23.8991,  5.23089, 0.0911, 0.0803, 16.796, 0.567733,  35.2916, 07 Jan 2015 01:01:13
#23.8558,  5.22661, 0.0923, 0.0810, 16.820, 0.568498,  35.2936, 07 Jan 2015 01:21:13
#23.8558,  5.22661, 0.0923, 0.0810, 16.820, 0.568498,  35.2936, 07 Jan 2015 01:21:13
#23.8558,  5.22661, 0.0923, 0.0810, 16.820, 0.568498,  35.2936, 07 Jan 2015 01:21:13
#23.8108,  5.22210, 0.0983, 0.0820, 16.851, 0.569302,  35.2951, 07 Jan 2015 01:41:13
#23.7654,  5.21697, 0.0913, 0.0803, 16.872, 0.570197,  35.2921, 07 Jan 2015 02:41:13
#23.7347,  5.21405, 0.0925, 0.0829, 16.919, 0.570656,  35.2943, 07 Jan 2015 03:01:13
#23.7370,  5.21420, 0.0921, 0.0814, 17.014, 0.570650,  35.2936, 07 Jan 2015 03:21:13
#23.8686,  5.22757, 0.0839, 0.0801, 16.796, 0.568289,  35.2907, 07 Jan 2015 03:41:13
#23.8787,  5.22827, 0.0825, 0.0800, 16.810, 0.568121,  35.2880, 07 Jan 2015 04:01:13
#23.8787,  5.22827, 0.0825, 0.0800, 16.810, 0.568121,  35.2880, 07 Jan 2015 04:01:13
#23.9015,  5.23040, 0.0825, 0.0801, 16.818, 0.567712,  35.2861, 07 Jan 2015 04:21:13
#23.8825,  5.22851, 0.0827, 0.0798, 16.841, 0.568043,  35.2868, 07 Jan 2015 05:01:13
#23.4476,  5.15069, 0.0876, 0.0815, 17.052, 0.575671,  35.0389, 07 Jan 2015 05:21:13
#23.5400,  5.16066, 0.0895, 0.0823, 17.125, 0.574336,  35.0418, 07 Jan 2015 05:41:13
#23.5647,  5.17037, 0.0860, 0.0810, 17.068, 0.573848,  35.0964, 07 Jan 2015 06:01:13
#23.5406,  5.16824, 0.0850, 0.0812, 17.051, 0.574236,  35.0993, 07 Jan 2015 06:21:13
#23.6473,  5.18588, 0.0848, 0.0807, 17.022, 0.572348,  35.1492, 07 Jan 2015 06:41:13
#23.6473,  5.18588, 0.0848, 0.0807, 17.022, 0.572348,  35.1492, 07 Jan 2015 06:41:13
#23.6473,  5.18588, 0.0848, 0.0807, 17.022, 0.572348,  35.1492, 07 Jan 2015 06:41:13
#23.6473,  5.18588, 0.0848, 0.0807, 17.022, 0.572348,  35.1492, 07 Jan 2015 06:41:13
#23.5300,  5.16370, 0.0907, 0.0903, 17.200, 0.574339,  35.0730, 07 Jan 2015 07:01:13
#23.8130,  5.19946, 0.0801, 0.0824, 16.965, 0.569749,  35.1212, 07 Jan 2015 08:21:13
#23.9810,  5.23729, 0.0764, 0.0903, 16.780, 0.566326,  35.2752, 07 Jan 2015 08:41:13
#23.9797,  5.23711, 0.0860, 0.0810, 16.776, 0.566271,  35.2749, 07 Jan 2015 09:01:13
#23.8214,  5.19712, 0.0858, 0.0829, 16.980, 0.569425,  35.0968, 07 Jan 2015 09:21:13
#24.0189,  5.23596, 0.0743, 0.0846, 16.889, 0.565823,  35.2351, 07 Jan 2015 09:41:13
#24.0824,  5.24676, 0.0742, 0.0798, 16.747, 0.564452,  35.2666, 07 Jan 2015 10:01:13
#24.0969,  5.24807, 0.0731, 0.0796, 16.731, 0.564130,  35.2651, 07 Jan 2015 10:21:13
#24.1331,  5.25211, 0.0847, 0.0833, 16.721, 0.563519,  35.2669, 07 Jan 2015 10:41:13
#24.2695,  5.26268, 0.0729, 0.0782, 16.695, 0.561052,  35.2390, 07 Jan 2015 11:01:13
#24.2331,  5.25952, 0.0742, 0.0874, 16.702, 0.561558,  35.2438, 07 Jan 2015 11:21:13
#24.3570,  5.27193, 0.0742, 0.0788, 16.679, 0.559761,  35.2396, 07 Jan 2015 11:41:13
#24.3448,  5.27281, 0.0741, 0.0790, 16.670, 0.559482,  35.2559, 07 Jan 2015 12:01:13
#24.3326,  5.27069, 0.0729, 0.0785, 16.672, 0.559853,  35.2495, 07 Jan 2015 12:21:13
#24.3557,  5.27294, 0.0741, 0.0786, 16.671, 0.559454,  35.2483, 07 Jan 2015 12:41:13
#24.4529,  5.28407, 0.0741, 0.0806, 16.651, 0.557866,  35.2553, 07 Jan 2015 13:01:13
#24.4517,  5.28368, 0.0754, 0.0796, 16.645, 0.557657,  35.2534, 07 Jan 2015 13:21:13
#24.4606,  5.28352, 0.0742, 0.0795, 16.652, 0.557577,  35.2451, 07 Jan 2015 13:41:13
#24.4551,  5.28388, 0.0728, 0.0799, 16.641, 0.557650,  35.2522, 07 Jan 2015 14:01:13
#24.3990,  5.27740, 0.0741, 0.0784, 16.659, 0.558711,  35.2476, 07 Jan 2015 14:21:13
#24.3832,  5.27657, 0.0740, 0.0804, 16.659, 0.559055,  35.2538, 07 Jan 2015 14:41:13
#24.3845,  5.25147, 0.0797, 0.0834, 16.504, 0.559087,  35.0642, 07 Jan 2015 15:01:13
#24.3553,  5.25214, 0.0798, 0.0861, 16.405, 0.559709,  35.0922, 07 Jan 2015 15:21:13
#24.3584,  5.24980, 0.0812, 0.0822, 16.385, 0.559338,  35.0722, 07 Jan 2015 15:41:13
#24.3064,  5.23860, 0.0809, 0.0820, 16.314, 0.560368,  35.0287, 07 Jan 2015 16:01:13
#24.3064,  5.23860, 0.0809, 0.0820, 16.314, 0.560368,  35.0287, 07 Jan 2015 16:01:13
#24.2711,  5.22198, 0.0821, 0.0817, 16.315, 0.560989,  34.9313, 07 Jan 2015 16:21:13
#24.2701,  5.19962, 0.0881, 0.0832, 16.303, 0.561054,  34.7639, 07 Jan 2015 17:01:13
#24.2701,  5.19962, 0.0881, 0.0832, 16.303, 0.561054,  34.7639, 07 Jan 2015 17:01:13
#24.3526,  5.26626, 0.0835, 0.0818, 16.160, 0.559719,  35.2004, 07 Jan 2015 17:21:13
#24.2465,  5.24746, 0.0820, 0.0819, 16.072, 0.561424,  35.1424, 07 Jan 2015 18:01:13
#24.2465,  5.24746, 0.0820, 0.0819, 16.072, 0.561424,  35.1424, 07 Jan 2015 18:01:13
#24.1915,  5.24743, 0.0822, 0.0818, 16.191, 0.562410,  35.1855, 07 Jan 2015 18:21:13
#24.1915,  5.24743, 0.0822, 0.0818, 16.191, 0.562410,  35.1855, 07 Jan 2015 18:21:13
#24.1594,  5.24488, 0.0844, 0.0831, 16.352, 0.563012,  35.1916, 07 Jan 2015 19:01:13
#24.1594,  5.24488, 0.0844, 0.0831, 16.352, 0.563012,  35.1916, 07 Jan 2015 19:01:13
#24.1594,  5.24488, 0.0844, 0.0831, 16.352, 0.563012,  35.1916, 07 Jan 2015 19:01:13
#24.0694,  5.22993, 0.0833, 0.0807, 16.487, 0.564660,  35.1497, 07 Jan 2015 19:41:13
#24.0694,  5.22993, 0.0833, 0.0807, 16.487, 0.564660,  35.1497, 07 Jan 2015 19:41:13
#24.0588,  5.23980, 0.0977, 0.0823, 16.619, 0.564842,  35.2326, 07 Jan 2015 20:41:13
#24.0588,  5.23980, 0.0977, 0.0823, 16.619, 0.564842,  35.2326, 07 Jan 2015 20:41:13
#24.0527,  5.24173, 0.0833, 0.0812, 16.617, 0.564916,  35.2521, 07 Jan 2015 21:21:13
#24.0475,  5.24141, 0.0822, 0.0810, 16.611, 0.564993,  35.2538, 07 Jan 2015 22:01:13
#24.0475,  5.24141, 0.0822, 0.0810, 16.611, 0.564993,  35.2538, 07 Jan 2015 22:01:13
#24.0485,  5.24148, 0.0831, 0.0808, 16.618, 0.565080,  35.2535, 07 Jan 2015 22:21:13
#24.0273,  5.23691, 0.0822, 0.0794, 16.656, 0.565399,  35.2357, 07 Jan 2015 23:01:13
#23.8714,  5.20216, 0.0821, 0.0794, 16.706, 0.568162,  35.0956, 07 Jan 2015 23:21:13
