#24.4205,  5.27595, 0.1050, 0.0901, 16.647, 0.558474,  35.2199, 13 Jan 2015 23:41:13
#24.3795,  5.27378, 0.1003, 0.0925, 16.817, 0.559083,  35.2358, 14 Jan 2015 00:01:13
#24.2638,  5.26232, 0.1020, 0.0901, 16.920, 0.561124,  35.2408, 14 Jan 2015 01:01:13
#24.2779,  5.25013, 0.0948, 0.0925, 17.036, 0.560817,  35.1378, 14 Jan 2015 01:21:13
#24.2773,  5.24554, 0.0951, 0.0914, 17.018, 0.560943,  35.1037, 14 Jan 2015 01:41:13
#24.2555,  5.24576, 0.0925, 0.0901, 17.042, 0.561245,  35.1225, 14 Jan 2015 02:01:13
#24.2223,  5.23526, 0.0962, 0.0901, 17.058, 0.561768,  35.0695, 14 Jan 2015 02:21:13
#24.2223,  5.23526, 0.0962, 0.0901, 17.058, 0.561768,  35.0695, 14 Jan 2015 02:21:13
#24.2288,  5.24544, 0.0973, 0.0906, 17.058, 0.561952,  35.1411, 14 Jan 2015 02:41:13
#24.1725,  5.24836, 0.0938, 0.5480, 17.118, 0.562774,  35.2076, 14 Jan 2015 03:21:13
#24.1706,  5.25317, 0.1023, 0.1574, 17.117, 0.562820,  35.2453, 14 Jan 2015 03:41:13
#24.1847,  5.25433, 0.0963, 0.1151, 17.204, 0.562563,  35.2429, 14 Jan 2015 04:01:13
#24.1284,  5.24861, 0.0964, 0.1061, 17.219, 0.563555,  35.2442, 14 Jan 2015 04:21:13
#24.1223,  5.24811, 0.0964, 0.1098, 17.224, 0.563696,  35.2453, 14 Jan 2015 04:41:13
#24.1467,  5.25123, 0.0967, 0.1076, 17.360, 0.563293,  35.2496, 14 Jan 2015 05:01:13
#24.1075,  5.24683, 0.0979, 0.0983, 17.218, 0.563970,  35.2473, 14 Jan 2015 05:21:13
#24.0831,  5.23533, 0.1037, 0.0997, 17.235, 0.564411,  35.1796, 14 Jan 2015 05:41:13
#24.0831,  5.23533, 0.1037, 0.0997, 17.235, 0.564411,  35.1796, 14 Jan 2015 05:41:13
#24.0947,  5.23070, 0.1062, 0.0964, 17.246, 0.564184,  35.1355, 14 Jan 2015 06:01:13
#24.1107,  5.22350, 0.1086, 0.0949, 17.190, 0.563962,  35.0685, 14 Jan 2015 06:41:13
#24.1107,  5.22350, 0.1086, 0.0949, 17.190, 0.563962,  35.0685, 14 Jan 2015 06:41:13
#24.1107,  5.22350, 0.1086, 0.0949, 17.190, 0.563962,  35.0685, 14 Jan 2015 06:41:13
#24.1025,  5.21141, 0.1217, 0.0915, 17.175, 0.563949,  34.9837, 14 Jan 2015 07:01:13
#24.0583,  5.21929, 0.1035, 0.0911, 17.174, 0.564769,  35.0780, 14 Jan 2015 08:01:13
#24.0615,  5.23191, 0.1084, 0.0923, 17.096, 0.564779,  35.1709, 14 Jan 2015 08:21:13
#24.0380,  5.22783, 0.1032, 0.0959, 17.023, 0.565214,  35.1585, 14 Jan 2015 08:41:13
#24.0540,  5.22898, 0.1072, 0.0921, 17.085, 0.564873,  35.1546, 14 Jan 2015 09:01:13
#24.0540,  5.22898, 0.1072, 0.0921, 17.085, 0.564873,  35.1546, 14 Jan 2015 09:01:13
#24.0878,  5.20137, 0.1047, 0.0957, 17.294, 0.564320,  34.9194, 14 Jan 2015 09:41:13
#24.0649,  5.23746, 0.1021, 0.0877, 16.777, 0.564751,  35.2101, 14 Jan 2015 10:01:13
#24.0544,  5.23620, 0.1044, 0.0873, 16.707, 0.564901,  35.2089, 14 Jan 2015 10:21:13
#24.0544,  5.23620, 0.1044, 0.0873, 16.707, 0.564901,  35.2089, 14 Jan 2015 10:21:13
#24.0671,  5.23922, 0.1044, 0.0860, 16.710, 0.564688,  35.2217, 14 Jan 2015 10:41:13
#24.0945,  5.23648, 0.1069, 0.0875, 16.813, 0.564203,  35.1793, 14 Jan 2015 11:21:13
#24.1029,  5.23934, 0.1046, 0.0916, 16.751, 0.564023,  35.1943, 14 Jan 2015 11:41:13
#24.1127,  5.24148, 0.1018, 0.1285, 16.728, 0.563795,  35.2027, 14 Jan 2015 12:01:13
#24.1623,  5.24318, 0.1020, 0.0883, 16.723, 0.562997,  35.1764, 14 Jan 2015 12:21:13
#24.1672,  5.24711, 0.1090, 0.0883, 16.637, 0.562807,  35.2023, 14 Jan 2015 12:41:13
#24.2448,  5.24881, 0.1020, 0.0962, 16.701, 0.561661,  35.1539, 14 Jan 2015 13:01:13
#24.1525,  5.24853, 0.1007, 0.0876, 16.636, 0.562954,  35.2246, 14 Jan 2015 13:21:13
#24.1525,  5.24853, 0.1007, 0.0876, 16.636, 0.562954,  35.2246, 14 Jan 2015 13:21:13
#24.2083,  5.25258, 0.1029, 0.0902, 16.742, 0.562374,  35.2111, 14 Jan 2015 13:41:13
#24.3258,  5.26097, 0.0959, 0.0915, 16.891, 0.560150,  35.1817, 14 Jan 2015 14:21:13
#24.3001,  5.26075, 0.0921, 0.0900, 16.849, 0.560227,  35.2003, 14 Jan 2015 14:41:13
#24.2765,  5.25735, 0.0969, 0.0886, 16.565, 0.560799,  35.1933, 14 Jan 2015 15:01:13
#24.3927,  5.27005, 0.1114, 0.0919, 16.292, 0.558823,  35.1974, 14 Jan 2015 15:21:13
#24.7700,  5.31004, 0.1221, 0.1470, 16.071, 0.552454,  35.2010, 14 Jan 2015 15:41:13
#24.7700,  5.31004, 0.1221, 0.1470, 16.071, 0.552454,  35.2010, 14 Jan 2015 15:41:13
#24.8318,  5.31995, 0.1331, 0.0902, 15.930, 0.550999,  35.2264, 14 Jan 2015 16:01:13
#24.5975,  5.29549, 0.1344, 0.0883, 16.301, 0.555133,  35.2274, 14 Jan 2015 16:41:13
#24.4789,  5.28128, 0.1234, 0.0883, 16.552, 0.557264,  35.2140, 14 Jan 2015 17:01:13
#24.4789,  5.28128, 0.1234, 0.0883, 16.552, 0.557264,  35.2140, 14 Jan 2015 17:01:13
#24.4339,  5.27910, 0.1268, 0.0860, 16.548, 0.558043,  35.2330, 14 Jan 2015 17:21:13
#24.5142,  5.26661, 0.1301, 0.0894, 16.375, 0.556675,  35.0763, 14 Jan 2015 18:01:13
#24.5142,  5.26661, 0.1301, 0.0894, 16.375, 0.556675,  35.0763, 14 Jan 2015 18:01:13
#24.5142,  5.26661, 0.1301, 0.0894, 16.375, 0.556675,  35.0763, 14 Jan 2015 18:01:13
#24.5142,  5.26661, 0.1301, 0.0894, 16.375, 0.556675,  35.0763, 14 Jan 2015 18:01:13
#24.4846,  5.26153, 0.1566, 0.0965, 16.312, 0.557189,  35.0614, 14 Jan 2015 18:21:13
#24.4846,  5.26153, 0.1566, 0.0965, 16.312, 0.557189,  35.0614, 14 Jan 2015 18:21:13
#24.3852,  5.24387, 0.1422, 0.0919, 16.413, 0.559096,  35.0066, 14 Jan 2015 19:41:13
#24.2402,  5.25332, 0.1279, 0.0906, 16.601, 0.561511,  35.1915, 14 Jan 2015 20:21:13
#24.2385,  5.24838, 0.1267, 0.0911, 16.619, 0.561517,  35.1557, 14 Jan 2015 20:41:13
#24.2385,  5.24838, 0.1267, 0.0911, 16.619, 0.561517,  35.1557, 14 Jan 2015 20:41:13
#24.2385,  5.24838, 0.1267, 0.0911, 16.619, 0.561517,  35.1557, 14 Jan 2015 20:41:13
#24.3091,  5.22612, 0.1266, 0.0903, 16.489, 0.560309,  34.9328, 14 Jan 2015 21:01:13
#24.2411,  5.23473, 0.1232, 0.0912, 16.536, 0.561534,  35.0508, 14 Jan 2015 22:01:13
#24.2411,  5.23473, 0.1232, 0.0912, 16.536, 0.561534,  35.0508, 14 Jan 2015 22:01:13
#24.2051,  5.23530, 0.1195, 0.0893, 16.592, 0.562216,  35.0834, 14 Jan 2015 22:21:13
#24.2051,  5.23530, 0.1195, 0.0893, 16.592, 0.562216,  35.0834, 14 Jan 2015 22:21:13
#24.1761,  5.24539, 0.1207, 0.0883, 16.613, 0.562863,  35.1822, 14 Jan 2015 23:01:13
