#24.0712,  5.21201, 0.0956, 0.0879, 16.854, 0.565010,  35.0128, 01 Jan 2015 23:41:14
#24.1471,  5.23713, 0.0955, 0.0804, 16.799, 0.563350,  35.1427, 02 Jan 2015 00:01:14
#24.1315,  5.23555, 0.0975, 0.0813, 16.761, 0.563647,  35.1431, 02 Jan 2015 00:21:14
#23.9935,  5.21169, 0.0972, 0.1485, 16.798, 0.565167,  35.0715, 02 Jan 2015 00:41:14
#24.1024,  5.23436, 0.0960, 0.0805, 16.751, 0.563938,  35.1571, 02 Jan 2015 01:01:14
#24.0168,  5.21431, 0.0912, 0.0816, 16.858, 0.565734,  35.0729, 02 Jan 2015 01:21:14
#24.1590,  5.24580, 0.0885, 0.0801, 16.807, 0.562937,  35.1988, 02 Jan 2015 01:41:14
#24.0663,  5.22423, 0.0884, 0.0810, 16.821, 0.564854,  35.1090, 02 Jan 2015 02:01:14
#24.0745,  5.22503, 0.0898, 0.0798, 16.841, 0.564479,  35.1086, 02 Jan 2015 02:21:14
#24.0745,  5.22503, 0.0898, 0.0798, 16.841, 0.564479,  35.1086, 02 Jan 2015 02:21:14
#23.8548,  5.16931, 0.0920, 0.0834, 17.016, 0.568476,  34.8595, 02 Jan 2015 02:41:14
#23.9267,  5.17231, 0.0889, 0.0823, 17.142, 0.567160,  34.8258, 02 Jan 2015 03:21:14
#24.1202,  5.22875, 0.0877, 0.0811, 16.939, 0.563665,  35.1006, 02 Jan 2015 03:41:14
#24.1425,  5.23408, 0.0901, 0.0823, 16.872, 0.563304,  35.1233, 02 Jan 2015 04:01:14
#24.1573,  5.24043, 0.0850, 0.0795, 16.839, 0.563149,  35.1596, 02 Jan 2015 04:21:14
#24.1466,  5.24041, 0.0848, 0.0798, 16.826, 0.562963,  35.1680, 02 Jan 2015 04:41:14
#24.1008,  5.23555, 0.0851, 0.0808, 16.859, 0.563938,  35.1674, 02 Jan 2015 05:01:14
#24.1008,  5.23555, 0.0851, 0.0808, 16.859, 0.563938,  35.1674, 02 Jan 2015 05:01:14
#24.0634,  5.23121, 0.0848, 0.0808, 16.857, 0.564734,  35.1640, 02 Jan 2015 05:21:14
#24.1805,  5.25187, 0.0848, 0.0798, 16.836, 0.562635,  35.2277, 02 Jan 2015 06:01:14
#24.1424,  5.24740, 0.0835, 0.0808, 16.887, 0.563295,  35.2240, 02 Jan 2015 06:21:14
#24.1424,  5.24740, 0.0835, 0.0808, 16.887, 0.563295,  35.2240, 02 Jan 2015 06:21:14
#24.1583,  5.24927, 0.0824, 0.0809, 16.932, 0.563056,  35.2256, 02 Jan 2015 06:41:14
#24.1977,  5.25569, 0.0824, 0.0802, 16.828, 0.562346,  35.2430, 02 Jan 2015 07:21:14
#24.1888,  5.25476, 0.0801, 0.0802, 16.884, 0.562471,  35.2429, 02 Jan 2015 07:41:14
#24.1738,  5.25288, 0.0785, 0.0802, 16.925, 0.562783,  35.2406, 02 Jan 2015 08:01:14
#24.1465,  5.24989, 0.0788, 0.0808, 16.886, 0.563232,  35.2396, 02 Jan 2015 08:21:14
#24.1465,  5.24989, 0.0788, 0.0808, 16.886, 0.563232,  35.2396, 02 Jan 2015 08:21:14
#24.1465,  5.24989, 0.0788, 0.0808, 16.886, 0.563232,  35.2396, 02 Jan 2015 08:21:14
#24.1438,  5.24932, 0.0808, 0.1751, 16.942, 0.563272,  35.2374, 02 Jan 2015 08:41:14
#24.1231,  5.24504, 0.0760, 0.0805, 16.950, 0.563685,  35.2214, 02 Jan 2015 09:41:14
#24.1316,  5.24679, 0.0796, 0.0831, 16.979, 0.563519,  35.2279, 02 Jan 2015 10:01:14
#24.1280,  5.24618, 0.0832, 0.1425, 16.965, 0.563473,  35.2262, 02 Jan 2015 10:21:14
#24.1445,  5.24875, 0.0796, 0.0806, 16.932, 0.563302,  35.2326, 02 Jan 2015 10:41:14
#24.1445,  5.24875, 0.0796, 0.0806, 16.932, 0.563302,  35.2326, 02 Jan 2015 10:41:14
#24.1463,  5.24930, 0.0774, 0.0819, 16.906, 0.563252,  35.2353, 02 Jan 2015 11:01:14
#24.1134,  5.24481, 0.0795, 0.0810, 16.949, 0.563852,  35.2274, 02 Jan 2015 11:41:14
#24.1100,  5.24446, 0.0796, 0.0826, 16.954, 0.563900,  35.2274, 02 Jan 2015 12:01:14
#24.1100,  5.24446, 0.0796, 0.0826, 16.954, 0.563900,  35.2274, 02 Jan 2015 12:01:14
#24.1100,  5.24446, 0.0796, 0.0826, 16.954, 0.563900,  35.2274, 02 Jan 2015 12:01:14
#24.1267,  5.24631, 0.0750, 0.0799, 16.934, 0.563617,  35.2282, 02 Jan 2015 12:21:14
#24.1832,  5.24880, 0.0778, 0.0814, 16.891, 0.562588,  35.2024, 02 Jan 2015 13:21:14
#24.1968,  5.25008, 0.0765, 0.0813, 16.863, 0.562344,  35.2013, 02 Jan 2015 13:41:14
#24.1968,  5.25008, 0.0765, 0.0813, 16.863, 0.562344,  35.2013, 02 Jan 2015 13:41:14
#24.2085,  5.25181, 0.0821, 0.0883, 16.819, 0.562133,  35.2052, 02 Jan 2015 14:01:14
#24.2085,  5.25181, 0.0821, 0.0883, 16.819, 0.562133,  35.2052, 02 Jan 2015 14:01:14
#24.2237,  5.25332, 0.0881, 0.0816, 16.795, 0.561850,  35.2045, 02 Jan 2015 14:41:14
#24.2214,  5.25393, 0.0912, 0.0812, 16.782, 0.561893,  35.2109, 02 Jan 2015 15:01:14
#24.2240,  5.25396, 0.0957, 0.0823, 16.779, 0.561850,  35.2091, 02 Jan 2015 15:21:14
#24.2223,  5.25420, 0.1043, 0.0826, 16.762, 0.561870,  35.2123, 02 Jan 2015 15:41:14
#24.2193,  5.25414, 0.0983, 0.0810, 16.757, 0.561945,  35.2142, 02 Jan 2015 16:01:14
#24.2193,  5.25414, 0.0983, 0.0810, 16.757, 0.561945,  35.2142, 02 Jan 2015 16:01:14
#24.2212,  5.25464, 0.1028, 0.0811, 16.749, 0.561904,  35.2165, 02 Jan 2015 16:21:14
#24.2075,  5.25377, 0.1080, 0.0810, 16.744, 0.562165,  35.2207, 02 Jan 2015 17:01:14
#24.2004,  5.25311, 0.1104, 0.0820, 16.737, 0.562292,  35.2213, 02 Jan 2015 17:21:14
#24.2027,  5.25346, 0.1570, 0.0837, 16.738, 0.562240,  35.2222, 02 Jan 2015 17:41:14
#24.1985,  5.25348, 0.1499, 0.0835, 16.744, 0.562314,  35.2257, 02 Jan 2015 18:01:14
#24.2300,  5.25781, 0.1355, 0.1179, 16.706, 0.561755,  35.2334, 02 Jan 2015 18:21:14
#24.1932,  5.25362, 0.1301, 0.0858, 16.740, 0.562375,  35.2309, 02 Jan 2015 18:41:14
#24.1928,  5.25350, 0.1212, 0.0861, 16.736, 0.562419,  35.2303, 02 Jan 2015 19:01:14
#24.1870,  5.25250, 0.1242, 0.0903, 16.759, 0.562545,  35.2273, 02 Jan 2015 19:21:14
#24.1870,  5.25250, 0.1242, 0.0903, 16.759, 0.562545,  35.2273, 02 Jan 2015 19:21:14
#24.2072,  5.25416, 0.1129, 0.0876, 16.741, 0.562153,  35.2239, 02 Jan 2015 19:41:14
#24.2109,  5.25393, 0.1075, 0.0887, 16.742, 0.562081,  35.2192, 02 Jan 2015 20:21:14
#24.0705,  5.23431, 0.1042, 0.1281, 16.687, 0.564588,  35.1819, 02 Jan 2015 20:41:14
#24.1851,  5.24400, 0.1047, 0.1304, 16.713, 0.562649,  35.1647, 02 Jan 2015 21:01:14
#24.1851,  5.24400, 0.1047, 0.1304, 16.713, 0.562649,  35.1647, 02 Jan 2015 21:01:14
#24.2566,  5.25294, 0.1002, 0.1048, 16.723, 0.561292,  35.1757, 02 Jan 2015 21:21:14
#24.3243,  5.25934, 0.0944, 0.1034, 16.715, 0.560047,  35.1706, 02 Jan 2015 22:01:14
#24.2792,  5.25378, 0.0960, 0.1093, 16.716, 0.560827,  35.1643, 02 Jan 2015 22:21:14
#24.3017,  5.25717, 0.0987, 0.1164, 16.730, 0.560446,  35.1721, 02 Jan 2015 22:41:14
#24.2949,  5.25656, 0.1000, 0.1059, 16.744, 0.560542,  35.1729, 02 Jan 2015 23:01:14
#24.2894,  5.25608, 0.0984, 0.1044, 16.759, 0.560673,  35.1736, 02 Jan 2015 23:21:14
