#23.8740,  5.21755, 0.1047, 0.0894, 16.919, 0.568240,  35.2104, 03 Jan 2015 23:41:13
#23.8854,  5.22028, 0.1021, 0.0869, 16.914, 0.568069,  35.2220, 04 Jan 2015 00:01:13
#23.8709,  5.21834, 0.1012, 0.0869, 16.921, 0.568281,  35.2188, 04 Jan 2015 00:21:13
#23.8576,  5.21769, 0.1025, 0.0847, 16.933, 0.568422,  35.2244, 04 Jan 2015 00:41:13
#23.8672,  5.21840, 0.1037, 0.0879, 16.950, 0.568378,  35.2222, 04 Jan 2015 01:01:13
#23.8676,  5.21951, 0.1022, 0.0883, 16.949, 0.568320,  35.2303, 04 Jan 2015 01:21:13
#23.8374,  5.21547, 0.1263, 0.0909, 16.980, 0.568819,  35.2236, 04 Jan 2015 01:41:13
#23.8738,  5.22152, 0.1065, 0.0975, 16.959, 0.568236,  35.2406, 04 Jan 2015 02:01:13
#23.8080,  5.21329, 0.1067, 0.0958, 16.998, 0.569308,  35.2303, 04 Jan 2015 02:21:13
#23.8259,  5.21553, 0.1057, 0.0940, 17.020, 0.569053,  35.2331, 04 Jan 2015 02:41:13
#23.8141,  5.21444, 0.0998, 0.0900, 17.009, 0.569299,  35.2342, 04 Jan 2015 03:01:13
#23.7953,  5.21075, 0.0983, 0.0897, 17.070, 0.569678,  35.2210, 04 Jan 2015 03:21:13
#23.8136,  5.21418, 0.1007, 0.0930, 17.061, 0.569470,  35.2326, 04 Jan 2015 03:41:13
#23.8136,  5.21418, 0.1007, 0.0930, 17.061, 0.569470,  35.2326, 04 Jan 2015 03:41:13
#23.7693,  5.20861, 0.1022, 0.0939, 17.149, 0.570070,  35.2255, 04 Jan 2015 04:01:13
#23.4933,  5.12659, 0.0929, 0.1078, 17.120, 0.575052,  34.8187, 04 Jan 2015 04:41:13
#23.5613,  5.13910, 0.0926, 0.1054, 17.098, 0.574529,  34.8606, 04 Jan 2015 05:01:13
#23.5736,  5.14623, 0.0920, 0.1005, 17.099, 0.573225,  34.9052, 04 Jan 2015 05:21:13
#23.6790,  5.17442, 0.0940, 0.0947, 17.076, 0.572352,  35.0368, 04 Jan 2015 05:41:13
#23.6294,  5.16033, 0.0918, 0.1020, 17.078, 0.572108,  34.9687, 04 Jan 2015 06:01:13
#23.5233,  5.13084, 0.0949, 0.0984, 17.116, 0.574738,  34.8275, 04 Jan 2015 06:21:13
#23.5122,  5.12044, 0.0904, 0.0962, 17.120, 0.575348,  34.7568, 04 Jan 2015 06:41:13
#23.5122,  5.12044, 0.0904, 0.0962, 17.120, 0.575348,  34.7568, 04 Jan 2015 06:41:13
#23.5137,  5.11970, 0.0915, 0.0997, 17.172, 0.574960,  34.7500, 04 Jan 2015 07:01:13
#23.6295,  5.14616, 0.0889, 0.1002, 17.147, 0.572979,  34.8606, 04 Jan 2015 07:21:13
#23.5557,  5.11302, 0.0901, 0.0965, 17.124, 0.573340,  34.6662, 04 Jan 2015 07:41:13
#23.7023,  5.17734, 0.0865, 0.0980, 17.052, 0.571637,  35.0406, 04 Jan 2015 08:01:13
#23.5652,  5.15547, 0.0853, 0.0953, 17.048, 0.573716,  34.9823, 04 Jan 2015 08:21:13
#23.5652,  5.15547, 0.0853, 0.0953, 17.048, 0.573716,  34.9823, 04 Jan 2015 08:21:13
#23.5319,  5.15695, 0.0816, 0.0952, 17.079, 0.574513,  35.0199, 04 Jan 2015 08:41:13
#23.6143,  5.18290, 0.0803, 0.0915, 17.006, 0.572921,  35.1527, 04 Jan 2015 09:01:13
#23.6553,  5.19041, 0.0804, 0.0926, 17.066, 0.572138,  35.1774, 04 Jan 2015 09:21:13
#23.7078,  5.19976, 0.0791, 0.0914, 17.080, 0.571239,  35.2069, 04 Jan 2015 09:41:13
#23.7208,  5.20257, 0.0841, 0.0943, 17.076, 0.570967,  35.2180, 04 Jan 2015 10:01:13
#23.7300,  5.20460, 0.0835, 0.1041, 17.071, 0.570811,  35.2261, 04 Jan 2015 10:21:13
#23.7942,  5.21419, 0.0821, 0.0946, 16.993, 0.569651,  35.2481, 04 Jan 2015 10:41:13
#23.8010,  5.21632, 0.0855, 0.0963, 16.970, 0.569550,  35.2589, 04 Jan 2015 11:01:13
#23.8433,  5.22207, 0.0804, 0.0934, 16.883, 0.568763,  35.2690, 04 Jan 2015 11:21:13
#23.7920,  5.21473, 0.0831, 0.0938, 16.939, 0.569565,  35.2540, 04 Jan 2015 11:41:13
#23.7849,  5.21294, 0.0807, 0.0954, 16.950, 0.569803,  35.2460, 04 Jan 2015 12:01:13
#23.7550,  5.20727, 0.0792, 0.0965, 16.982, 0.570325,  35.2266, 04 Jan 2015 12:21:13
#23.8097,  5.21495, 0.0777, 0.0937, 16.925, 0.569374,  35.2415, 04 Jan 2015 12:41:13
#23.8291,  5.21710, 0.0781, 0.0961, 16.888, 0.569011,  35.2425, 04 Jan 2015 13:01:13
#23.8442,  5.21895, 0.0786, 0.0981, 16.861, 0.568723,  35.2446, 04 Jan 2015 13:21:13
#23.8442,  5.21895, 0.0786, 0.0981, 16.861, 0.568723,  35.2446, 04 Jan 2015 13:21:13
#23.8356,  5.21628, 0.0796, 0.0976, 16.836, 0.568887,  35.2311, 04 Jan 2015 13:41:13
#23.8538,  5.21865, 0.0868, 0.1015, 16.796, 0.568546,  35.2347, 04 Jan 2015 14:21:13
#23.8433,  5.21619, 0.0816, 0.1036, 16.774, 0.568735,  35.2244, 04 Jan 2015 14:41:13
#23.8433,  5.21619, 0.0816, 0.1036, 16.774, 0.568735,  35.2244, 04 Jan 2015 14:41:13
#23.8433,  5.21619, 0.0816, 0.1036, 16.774, 0.568735,  35.2244, 04 Jan 2015 14:41:13
#23.8693,  5.21035, 0.0818, 0.1046, 16.712, 0.568271,  35.1594, 04 Jan 2015 15:01:13
#23.7646,  5.14797, 0.0949, 0.1047, 16.348, 0.570133,  34.7683, 04 Jan 2015 16:01:13
#23.8473,  5.16838, 0.0994, 0.1049, 16.437, 0.568746,  34.8583, 04 Jan 2015 16:21:13
#23.8630,  5.18672, 0.1024, 0.1056, 16.544, 0.568357,  34.9851, 04 Jan 2015 16:41:13
#23.8282,  5.19082, 0.1060, 0.1046, 16.620, 0.568978,  35.0436, 04 Jan 2015 17:01:13
#23.8387,  5.20288, 0.1106, 0.1026, 16.688, 0.568742,  35.1269, 04 Jan 2015 17:21:13
#23.8257,  5.20606, 0.1118, 0.1033, 16.719, 0.569110,  35.1613, 04 Jan 2015 17:41:13
#23.7819,  5.20220, 0.1116, 0.1012, 16.736, 0.569859,  35.1667, 04 Jan 2015 18:01:13
#23.8183,  5.20946, 0.1159, 0.1051, 16.749, 0.569212,  35.1931, 04 Jan 2015 18:21:13
#23.7928,  5.20726, 0.0994, 0.1454, 16.182, 0.569719,  35.1965, 04 Jan 2015 18:41:13
#23.7691,  5.20810, 0.0946, 0.1276, 16.279, 0.569872,  35.2217, 04 Jan 2015 19:01:13
#23.8125,  5.21417, 0.1311, 0.1014, 16.647, 0.569388,  35.2334, 04 Jan 2015 19:21:13
#23.8129,  5.21444, 0.1237, 0.0957, 16.728, 0.569289,  35.2352, 04 Jan 2015 19:41:13
#23.8251,  5.21570, 0.1191, 0.0976, 16.802, 0.569117,  35.2350, 04 Jan 2015 20:01:13
#23.8214,  5.21532, 0.1147, 0.0916, 16.823, 0.569136,  35.2351, 04 Jan 2015 20:21:13
#23.8433,  5.21962, 0.1084, 0.0887, 16.825, 0.568760,  35.2504, 04 Jan 2015 20:41:13
#23.8343,  5.21901, 0.1085, 0.0910, 16.822, 0.568799,  35.2529, 04 Jan 2015 21:01:13
#23.8137,  5.21659, 0.1040, 0.0892, 16.899, 0.569274,  35.2509, 04 Jan 2015 21:21:13
#23.8137,  5.21659, 0.1040, 0.0892, 16.899, 0.569274,  35.2509, 04 Jan 2015 21:21:13
#23.7697,  5.21195, 0.1024, 0.0884, 16.926, 0.570056,  35.2505, 04 Jan 2015 21:41:13
#23.7697,  5.21195, 0.1024, 0.0884, 16.926, 0.570056,  35.2505, 04 Jan 2015 21:41:13
#23.7147,  5.20502, 0.1012, 0.0901, 17.019, 0.571129,  35.2415, 04 Jan 2015 22:21:13
#23.5821,  5.16047, 0.0969, 0.0888, 17.018, 0.573892,  35.0071, 04 Jan 2015 23:01:13
#23.5584,  5.14807, 0.0979, 0.0900, 17.035, 0.574529,  34.9313, 04 Jan 2015 23:21:13
