#24.2921,  5.26469, 0.1102, 0.1022, 16.651, 0.560635,  35.2363, 24 Jan 2015 23:41:13
#24.3081,  5.26576, 0.1114, 0.0902, 16.656, 0.560186,  35.2318, 25 Jan 2015 00:01:13
#24.3081,  5.26576, 0.1114, 0.0902, 16.656, 0.560186,  35.2318, 25 Jan 2015 00:01:13
#24.2975,  5.26463, 0.1541, 0.0907, 16.680, 0.560559,  35.2316, 25 Jan 2015 00:21:13
#24.2818,  5.26322, 0.1484, 0.0881, 16.679, 0.560676,  35.2334, 25 Jan 2015 01:01:13
#24.2818,  5.26322, 0.1484, 0.0881, 16.679, 0.560676,  35.2334, 25 Jan 2015 01:01:13
#24.2997,  5.26504, 0.1463, 0.0910, 16.714, 0.560501,  35.2329, 25 Jan 2015 01:21:13
#24.2774,  5.26303, 0.1425, 0.0887, 16.737, 0.560881,  35.2354, 25 Jan 2015 02:01:13
#24.2776,  5.26282, 0.1504, 0.0869, 16.700, 0.560813,  35.2337, 25 Jan 2015 02:21:13
#24.2139,  5.25670, 0.1472, 0.0885, 16.770, 0.562024,  35.2378, 25 Jan 2015 02:41:13
#24.2107,  5.25645, 0.1439, 0.0880, 16.788, 0.562134,  35.2384, 25 Jan 2015 03:01:13
#24.2997,  5.26420, 0.1371, 0.0859, 16.672, 0.560466,  35.2266, 25 Jan 2015 03:21:13
#24.3073,  5.26516, 0.1549, 0.0860, 16.667, 0.560403,  35.2279, 25 Jan 2015 03:41:13
#24.2961,  5.26420, 0.1629, 0.0846, 16.680, 0.560669,  35.2294, 25 Jan 2015 04:01:13
#24.2634,  5.26114, 0.1557, 0.0852, 16.714, 0.561180,  35.2322, 25 Jan 2015 04:21:13
#24.2634,  5.26114, 0.1557, 0.0852, 16.714, 0.561180,  35.2322, 25 Jan 2015 04:21:13
#24.2399,  5.25910, 0.1513, 0.0907, 16.781, 0.561567,  35.2353, 25 Jan 2015 04:41:13
#24.0258,  5.18924, 0.1300, 0.0940, 16.991, 0.565479,  34.8763, 25 Jan 2015 05:21:13
#24.0258,  5.18924, 0.1300, 0.0940, 16.991, 0.565479,  34.8763, 25 Jan 2015 05:21:13
#24.0716,  5.21078, 0.1158, 0.0914, 16.922, 0.564520,  35.0032, 25 Jan 2015 05:41:13
#24.1263,  5.22699, 0.0980, 0.0901, 16.882, 0.563763,  35.0826, 25 Jan 2015 06:21:13
#24.1110,  5.22644, 0.0924, 0.0895, 16.897, 0.563853,  35.0905, 25 Jan 2015 06:41:13
#24.1110,  5.22644, 0.0924, 0.0895, 16.897, 0.563853,  35.0905, 25 Jan 2015 06:41:13
#24.1110,  5.22644, 0.0924, 0.0895, 16.897, 0.563853,  35.0905, 25 Jan 2015 06:41:13
#24.1430,  5.23553, 0.0886, 0.0885, 16.888, 0.563333,  35.1339, 25 Jan 2015 07:01:13
#24.2100,  5.25394, 0.0808, 0.0844, 16.782, 0.562122,  35.2200, 25 Jan 2015 08:01:13
#24.2100,  5.25394, 0.0808, 0.0844, 16.782, 0.562122,  35.2200, 25 Jan 2015 08:01:13
#24.2100,  5.25394, 0.0808, 0.0844, 16.782, 0.562122,  35.2200, 25 Jan 2015 08:01:13
#24.2100,  5.25394, 0.0808, 0.0844, 16.782, 0.562122,  35.2200, 25 Jan 2015 08:01:13
#24.0149,  5.20403, 0.1094, 0.0897, 16.906, 0.565485,  34.9967, 25 Jan 2015 09:21:13
#24.1674,  5.24557, 0.0970, 0.0821, 16.780, 0.562874,  35.1904, 25 Jan 2015 09:41:13
#24.1147,  5.21666, 0.0822, 0.0898, 16.872, 0.563772,  35.0137, 25 Jan 2015 10:01:13
#24.1467,  5.22198, 0.0828, 0.0907, 16.855, 0.563267,  35.0287, 25 Jan 2015 10:21:13
#24.1679,  5.23456, 0.2179, 0.0910, 16.802, 0.562866,  35.1069, 25 Jan 2015 10:41:13
#24.1806,  5.23938, 0.1221, 0.0840, 16.802, 0.562630,  35.1334, 25 Jan 2015 11:01:13
#24.2068,  5.24149, 0.1070, 0.0894, 16.811, 0.562138,  35.1286, 25 Jan 2015 11:21:13
#24.2381,  5.24188, 0.0959, 0.0909, 16.793, 0.561591,  35.1070, 25 Jan 2015 11:41:13
#24.2381,  5.24188, 0.0959, 0.0909, 16.793, 0.561591,  35.1070, 25 Jan 2015 11:41:13
#24.2448,  5.23866, 0.0905, 0.0870, 16.769, 0.561511,  35.0775, 25 Jan 2015 12:01:13
#24.2448,  5.23866, 0.0905, 0.0870, 16.769, 0.561511,  35.0775, 25 Jan 2015 12:01:13
#24.2448,  5.23866, 0.0905, 0.0870, 16.769, 0.561511,  35.0775, 25 Jan 2015 12:01:13
#24.1943,  5.24030, 0.0813, 0.0886, 16.705, 0.562371,  35.1295, 25 Jan 2015 12:41:13
#24.1943,  5.24030, 0.0813, 0.0886, 16.705, 0.562371,  35.1295, 25 Jan 2015 12:41:13
#24.1279,  5.24936, 0.0951, 0.0888, 16.459, 0.563555,  35.2503, 25 Jan 2015 13:41:13
#24.6331,  5.28823, 0.0998, 0.0839, 16.659, 0.554611,  35.1451, 25 Jan 2015 14:21:13
#24.6383,  5.28867, 0.1047, 0.0846, 16.641, 0.554438,  35.1444, 25 Jan 2015 14:41:13
#24.6288,  5.28786, 0.0953, 0.0823, 16.635, 0.554612,  35.1458, 25 Jan 2015 15:01:13
#24.6361,  5.28849, 0.0999, 0.0866, 16.643, 0.554503,  35.1448, 25 Jan 2015 15:21:13
#24.6204,  5.28685, 0.0886, 0.0943, 16.644, 0.554773,  35.1447, 25 Jan 2015 15:41:13
#24.6224,  5.28704, 0.0817, 0.0948, 16.643, 0.554715,  35.1446, 25 Jan 2015 16:01:13
#24.6346,  5.28803, 0.0884, 0.0887, 16.642, 0.554518,  35.1425, 25 Jan 2015 16:21:13
#24.6722,  5.29089, 0.0872, 0.0901, 16.626, 0.553865,  35.1345, 25 Jan 2015 16:41:13
#24.6747,  5.29133, 0.0934, 0.0863, 16.620, 0.553791,  35.1358, 25 Jan 2015 17:01:13
#24.5491,  5.23702, 0.0903, 0.0857, 16.556, 0.555813,  34.8276, 25 Jan 2015 17:21:13
#24.5594,  5.23938, 0.1141, 0.0911, 16.471, 0.555904,  34.8373, 25 Jan 2015 17:41:13
#24.5490,  5.23442, 0.1231, 0.0889, 16.439, 0.556075,  34.8083, 25 Jan 2015 18:01:13
#24.5279,  5.22713, 0.1186, 0.0888, 16.459, 0.556444,  34.7701, 25 Jan 2015 18:21:13
#24.5491,  5.24297, 0.1149, 0.0875, 16.526, 0.556105,  34.8721, 25 Jan 2015 18:41:13
#24.5010,  5.23377, 0.1148, 0.0873, 16.522, 0.556817,  34.8406, 25 Jan 2015 19:01:13
#24.4922,  5.23067, 0.1255, 0.0884, 16.463, 0.557284,  34.8242, 25 Jan 2015 19:21:13
#24.4922,  5.23067, 0.1255, 0.0884, 16.463, 0.557284,  34.8242, 25 Jan 2015 19:21:13
#24.4777,  5.24047, 0.1193, 0.0875, 16.501, 0.557371,  34.9089, 25 Jan 2015 19:41:13
#24.4268,  5.23432, 0.1169, 0.0867, 16.598, 0.558215,  34.9025, 25 Jan 2015 20:21:13
#24.3617,  5.22042, 0.1125, 0.0885, 16.641, 0.559503,  34.8489, 25 Jan 2015 20:41:13
#24.4833,  5.25525, 0.0991, 0.0864, 16.687, 0.557302,  35.0153, 25 Jan 2015 21:01:13
#24.6214,  5.28495, 0.0806, 0.0839, 16.650, 0.554774,  35.1298, 25 Jan 2015 21:21:13
#24.5802,  5.28116, 0.0802, 0.0851, 16.666, 0.555409,  35.1336, 25 Jan 2015 21:41:13
#24.4039,  5.23538, 0.0970, 0.0864, 16.732, 0.558562,  34.9283, 25 Jan 2015 22:01:13
#24.3910,  5.22960, 0.0930, 0.0878, 16.767, 0.559042,  34.8950, 25 Jan 2015 22:21:13
#24.3919,  5.23369, 0.0869, 0.0869, 16.759, 0.558840,  34.9250, 25 Jan 2015 22:41:13
#24.4577,  5.25008, 0.0952, 0.0892, 16.760, 0.557920,  34.9966, 25 Jan 2015 23:01:13
#24.4569,  5.25327, 0.0824, 0.0869, 16.745, 0.557776,  35.0212, 25 Jan 2015 23:21:13
