#24.1555,  5.24568, 0.1221, 0.0867, 16.593, 0.562997,  35.2008, 14 Jan 2015 23:41:13
#24.0790,  5.22644, 0.1183, 0.0880, 16.656, 0.564497,  35.1157, 15 Jan 2015 00:01:13
#24.1071,  5.23031, 0.1185, 0.0904, 16.680, 0.563985,  35.1227, 15 Jan 2015 00:21:13
#24.1071,  5.23031, 0.1185, 0.0904, 16.680, 0.563985,  35.1227, 15 Jan 2015 00:21:13
#24.1041,  5.22563, 0.1124, 0.0890, 16.716, 0.563999,  35.0898, 15 Jan 2015 00:41:13
#24.0992,  5.22566, 0.1109, 0.0911, 16.778, 0.564134,  35.0939, 15 Jan 2015 01:21:13
#24.0381,  5.18564, 0.1099, 0.0905, 16.933, 0.565337,  34.8394, 15 Jan 2015 01:41:13
#24.1185,  5.21880, 0.1051, 0.0904, 17.010, 0.563835,  35.0269, 15 Jan 2015 02:01:13
#24.0771,  5.20573, 0.1073, 0.0904, 17.045, 0.564472,  34.9607, 15 Jan 2015 02:21:13
#24.0832,  5.22564, 0.1134, 0.0891, 17.056, 0.564394,  35.1064, 15 Jan 2015 02:41:13
#24.0664,  5.21521, 0.1099, 0.0900, 17.067, 0.564748,  35.0407, 15 Jan 2015 03:01:13
#24.0764,  5.21542, 0.1047, 0.0891, 17.121, 0.564506,  35.0345, 15 Jan 2015 03:21:13
#24.0613,  5.21932, 0.1049, 0.0903, 17.102, 0.564789,  35.0758, 15 Jan 2015 03:41:13
#24.0562,  5.22434, 0.1050, 0.0888, 17.129, 0.564884,  35.1177, 15 Jan 2015 04:01:13
#24.0640,  5.22814, 0.1039, 0.0890, 17.166, 0.564723,  35.1404, 15 Jan 2015 04:21:13
#24.0645,  5.23121, 0.1013, 0.0902, 17.200, 0.564762,  35.1631, 15 Jan 2015 04:41:13
#24.0713,  5.23516, 0.1010, 0.0899, 17.242, 0.564626,  35.1877, 15 Jan 2015 05:01:13
#24.0679,  5.22145, 0.1061, 0.0916, 17.235, 0.564698,  35.0867, 15 Jan 2015 05:21:13
#24.0560,  5.20368, 0.1047, 0.0905, 17.194, 0.564871,  34.9617, 15 Jan 2015 05:41:13
#24.0455,  5.20626, 0.1037, 0.0902, 17.228, 0.565075,  34.9895, 15 Jan 2015 06:01:13
#24.0074,  5.19027, 0.1073, 0.0891, 17.096, 0.565748,  34.8985, 15 Jan 2015 06:21:13
#23.9930,  5.19436, 0.1049, 0.0890, 17.066, 0.566022,  34.9408, 15 Jan 2015 06:41:13
#23.9883,  5.19451, 0.1048, 0.0876, 17.059, 0.566117,  34.9456, 15 Jan 2015 07:01:13
#23.9843,  5.19778, 0.1060, 0.0888, 17.058, 0.566179,  34.9735, 15 Jan 2015 07:21:13
#23.9863,  5.20518, 0.1034, 0.0878, 17.056, 0.566154,  35.0278, 15 Jan 2015 07:41:13
#23.9860,  5.21391, 0.1040, 0.0877, 17.042, 0.566166,  35.0942, 15 Jan 2015 08:01:13
#23.9936,  5.22251, 0.1061, 0.0878, 17.074, 0.566014,  35.1533, 15 Jan 2015 08:21:13
#23.9936,  5.22251, 0.1061, 0.0878, 17.074, 0.566014,  35.1533, 15 Jan 2015 08:21:13
#23.9936,  5.22251, 0.1061, 0.0878, 17.074, 0.566014,  35.1533, 15 Jan 2015 08:21:13
#23.9800,  5.22476, 0.1085, 0.0926, 17.029, 0.566251,  35.1811, 15 Jan 2015 08:41:13
#23.9992,  5.22851, 0.1072, 0.0879, 16.751, 0.565931,  35.1944, 15 Jan 2015 09:41:13
#23.9992,  5.22851, 0.1072, 0.0879, 16.751, 0.565931,  35.1944, 15 Jan 2015 09:41:13
#23.9992,  5.22851, 0.1072, 0.0879, 16.751, 0.565931,  35.1944, 15 Jan 2015 09:41:13
#23.9992,  5.22851, 0.1072, 0.0879, 16.751, 0.565931,  35.1944, 15 Jan 2015 09:41:13
#24.0831,  5.24461, 0.0978, 0.0916, 17.073, 0.564408,  35.2498, 15 Jan 2015 10:41:13
#24.1013,  5.24690, 0.0989, 0.0905, 16.975, 0.564101,  35.2527, 15 Jan 2015 11:01:13
#24.1435,  5.23827, 0.0905, 0.0927, 17.097, 0.563358,  35.1542, 15 Jan 2015 11:21:13
#24.2179,  5.23911, 0.0960, 0.0937, 17.122, 0.562127,  35.1020, 15 Jan 2015 11:41:13
#24.2798,  5.24394, 0.1076, 0.0961, 17.125, 0.560839,  35.0897, 15 Jan 2015 12:01:13
#24.2820,  5.25183, 0.0992, 0.0878, 17.181, 0.560862,  35.1474, 15 Jan 2015 12:21:13
#24.3325,  5.25407, 0.0882, 0.0995, 17.022, 0.559956,  35.1246, 15 Jan 2015 12:41:13
#24.3809,  5.25558, 0.0980, 0.1033, 16.946, 0.559036,  35.0979, 15 Jan 2015 13:01:13
#24.3196,  5.26776, 0.1030, 0.0928, 17.092, 0.560100,  35.2377, 15 Jan 2015 13:21:13
#24.2757,  5.26593, 0.0909, 0.0867, 16.754, 0.560872,  35.2585, 15 Jan 2015 13:41:13
#24.5698,  5.26470, 0.1066, 0.0972, 16.542, 0.555799,  35.0186, 15 Jan 2015 14:01:13
#24.5909,  5.26958, 0.1078, 0.0928, 16.266, 0.555227,  35.0386, 15 Jan 2015 14:21:13
#24.5909,  5.26958, 0.1078, 0.0928, 16.266, 0.555227,  35.0386, 15 Jan 2015 14:21:13
#24.5865,  5.27037, 0.1077, 0.0951, 16.321, 0.555375,  35.0480, 15 Jan 2015 14:41:13
#24.7082,  5.28263, 0.1114, 0.0947, 16.151, 0.553154,  35.0447, 15 Jan 2015 15:21:13
#24.6693,  5.28277, 0.1150, 0.1318, 16.171, 0.553771,  35.0761, 15 Jan 2015 15:41:13
#24.6824,  5.28369, 0.1237, 0.1199, 16.199, 0.553650,  35.0727, 15 Jan 2015 16:01:13
#24.6605,  5.28171, 0.1258, 0.1098, 16.263, 0.554132,  35.0750, 15 Jan 2015 16:21:13
#24.8047,  5.28606, 0.1310, 0.1005, 15.983, 0.551804,  34.9952, 15 Jan 2015 16:41:13
#24.8444,  5.28332, 0.1357, 0.0993, 15.900, 0.550929,  34.9439, 15 Jan 2015 17:01:13
#24.8444,  5.28332, 0.1357, 0.0993, 15.900, 0.550929,  34.9439, 15 Jan 2015 17:01:13
#24.7388,  5.28066, 0.1309, 0.0958, 15.918, 0.552725,  35.0061, 15 Jan 2015 17:21:13
#24.5491,  5.27516, 0.1222, 0.0933, 16.199, 0.555604,  35.1131, 15 Jan 2015 18:01:13
#24.7336,  5.25990, 0.1186, 0.0904, 16.024, 0.552410,  34.8554, 15 Jan 2015 18:21:13
#24.6274,  5.26707, 0.1307, 0.0943, 16.120, 0.554621,  34.9914, 15 Jan 2015 18:41:13
#24.4556,  5.27368, 0.1187, 0.0914, 16.406, 0.557667,  35.1752, 15 Jan 2015 19:01:13
#24.4484,  5.27696, 0.1162, 0.0902, 16.439, 0.557678,  35.2055, 15 Jan 2015 19:21:13
#24.5857,  5.25715, 0.1173, 0.0926, 16.323, 0.555687,  34.9497, 15 Jan 2015 19:41:13
#24.5079,  5.27214, 0.1091, 0.0900, 16.442, 0.556997,  35.1227, 15 Jan 2015 20:01:13
#24.4902,  5.26511, 0.1163, 0.0925, 16.365, 0.556897,  35.0838, 15 Jan 2015 20:21:13
#24.5917,  5.24100, 0.1234, 0.0951, 16.179, 0.555298,  34.8243, 15 Jan 2015 20:41:13
#24.5917,  5.24100, 0.1234, 0.0951, 16.179, 0.555298,  34.8243, 15 Jan 2015 20:41:13
#24.6847,  5.23981, 0.1259, 0.0957, 16.189, 0.553705,  34.7435, 15 Jan 2015 21:01:13
#24.5612,  5.26525, 0.1079, 0.0972, 16.133, 0.555802,  35.0294, 15 Jan 2015 21:41:13
#24.5218,  5.24634, 0.1079, 0.0938, 16.196, 0.556503,  34.9186, 15 Jan 2015 22:01:13
#24.5218,  5.24634, 0.1079, 0.0938, 16.196, 0.556503,  34.9186, 15 Jan 2015 22:01:13
#24.5197,  5.27560, 0.1078, 0.0938, 16.223, 0.556573,  35.1393, 15 Jan 2015 22:21:13
#24.4411,  5.28281, 0.0945, 0.0914, 16.472, 0.557943,  35.2552, 15 Jan 2015 23:01:13
#24.3632,  5.27467, 0.1018, 0.0888, 16.622, 0.559343,  35.2553, 15 Jan 2015 23:21:13
