#23.9291,  5.22264, 0.0921, 0.0847, 16.576, 0.567175,  35.2053, 05 Jan 2015 23:21:13
#23.8749,  5.22230, 0.0878, 0.0847, 16.771, 0.568077,  35.2457, 06 Jan 2015 00:01:13
#23.9153,  5.22976, 0.0938, 0.1322, 16.715, 0.567446,  35.2702, 06 Jan 2015 00:21:13
#23.8732,  5.22324, 0.0913, 0.0849, 16.801, 0.568286,  35.2541, 06 Jan 2015 00:41:13
#23.8355,  5.20799, 0.0913, 0.0847, 16.973, 0.569063,  35.1682, 06 Jan 2015 01:01:13
#23.8902,  5.21736, 0.0842, 0.0845, 17.046, 0.567959,  35.1960, 06 Jan 2015 01:21:13
#23.9053,  5.21772, 0.0853, 0.0843, 17.054, 0.567651,  35.1868, 06 Jan 2015 01:41:13
#23.9287,  5.22311, 0.0844, 0.0860, 17.068, 0.567253,  35.2092, 06 Jan 2015 02:01:13
#23.9235,  5.21967, 0.0887, 0.0845, 17.087, 0.567388,  35.1872, 06 Jan 2015 02:21:13
#23.8905,  5.22327, 0.0904, 0.0842, 17.042, 0.567900,  35.2406, 06 Jan 2015 02:41:13
#23.9139,  5.22308, 0.0852, 0.0846, 17.054, 0.567459,  35.2207, 06 Jan 2015 03:01:13
#23.9149,  5.22286, 0.0862, 0.0844, 17.035, 0.567435,  35.2182, 06 Jan 2015 03:21:13
#23.8127,  5.20137, 0.0851, 0.0843, 17.087, 0.569289,  35.1359, 06 Jan 2015 03:41:13
#23.8127,  5.20137, 0.0851, 0.0843, 17.087, 0.569289,  35.1359, 06 Jan 2015 03:41:13
#23.8789,  5.22317, 0.0861, 0.0830, 17.037, 0.568167,  35.2491, 06 Jan 2015 04:01:13
#23.8437,  5.21716, 0.0849, 0.0843, 17.088, 0.568675,  35.2314, 06 Jan 2015 04:41:13
#23.7043,  5.20290, 0.1030, 0.0830, 17.093, 0.571163,  35.2336, 06 Jan 2015 05:01:13
#23.6721,  5.19783, 0.1077, 0.0831, 16.996, 0.571834,  35.2206, 06 Jan 2015 05:21:13
#23.6435,  5.19450, 0.1063, 0.0816, 16.983, 0.572432,  35.2179, 06 Jan 2015 05:41:13
#23.6652,  5.19746, 0.1052, 0.0815, 17.030, 0.571992,  35.2233, 06 Jan 2015 06:01:13
#23.6652,  5.19746, 0.1052, 0.0815, 17.030, 0.571992,  35.2233, 06 Jan 2015 06:01:13
#23.6670,  5.19761, 0.1029, 0.0831, 17.065, 0.571967,  35.2230, 06 Jan 2015 06:21:13
#23.6600,  5.19701, 0.1038, 0.0830, 17.122, 0.572088,  35.2239, 06 Jan 2015 07:01:13
#23.6258,  5.18242, 0.0879, 0.0830, 17.336, 0.572670,  35.1399, 06 Jan 2015 07:21:13
#23.6258,  5.18242, 0.0879, 0.0830, 17.336, 0.572670,  35.1399, 06 Jan 2015 07:21:13
#23.6465,  5.18907, 0.0917, 0.0827, 17.290, 0.572379,  35.1742, 06 Jan 2015 07:41:13
#23.6465,  5.18907, 0.0917, 0.0827, 17.290, 0.572379,  35.1742, 06 Jan 2015 07:41:13
#23.6321,  5.19194, 0.0901, 0.0812, 17.243, 0.572607,  35.2075, 06 Jan 2015 08:21:13
#23.6600,  5.19807, 0.0839, 0.0826, 17.347, 0.572060,  35.2320, 06 Jan 2015 09:01:13
#23.6846,  5.20438, 0.0874, 0.0832, 17.149, 0.571564,  35.2605, 06 Jan 2015 09:21:13
#23.6228,  5.19421, 0.0874, 0.0832, 17.241, 0.572770,  35.2322, 06 Jan 2015 09:41:13
#23.6824,  5.20217, 0.0850, 0.0843, 17.206, 0.571699,  35.2455, 06 Jan 2015 10:01:13
#23.6824,  5.20217, 0.0850, 0.0843, 17.206, 0.571699,  35.2455, 06 Jan 2015 10:01:13
#23.7007,  5.20425, 0.0852, 0.0824, 17.095, 0.571304,  35.2467, 06 Jan 2015 10:21:13
#23.7293,  5.20772, 0.0863, 0.0842, 17.070, 0.570848,  35.2504, 06 Jan 2015 11:01:13
#23.7385,  5.20839, 0.0843, 0.0825, 17.096, 0.570641,  35.2483, 06 Jan 2015 11:21:13
#23.7396,  5.20640, 0.0852, 0.0815, 17.165, 0.570605,  35.2323, 06 Jan 2015 11:41:13
#23.7551,  5.20726, 0.0825, 0.0847, 17.214, 0.570379,  35.2264, 06 Jan 2015 12:01:13
#23.8108,  5.21360, 0.0804, 0.0831, 17.100, 0.569270,  35.2305, 06 Jan 2015 12:21:13
#23.8319,  5.21586, 0.0813, 0.0827, 17.084, 0.568961,  35.2309, 06 Jan 2015 12:41:13
#23.8319,  5.21586, 0.0813, 0.0827, 17.084, 0.568961,  35.2309, 06 Jan 2015 12:41:13
#23.8673,  5.22142, 0.0827, 0.0825, 16.895, 0.568266,  35.2450, 06 Jan 2015 13:21:13
#23.8770,  5.22647, 0.0841, 0.0823, 16.817, 0.568137,  35.2757, 06 Jan 2015 13:41:13
#23.8752,  5.22493, 0.0877, 0.0819, 16.795, 0.568171,  35.2654, 06 Jan 2015 14:01:13
#23.8752,  5.22493, 0.0877, 0.0819, 16.795, 0.568171,  35.2654, 06 Jan 2015 14:01:13
#23.8853,  5.21697, 0.0845, 0.0868, 16.873, 0.567991,  35.1969, 06 Jan 2015 14:21:13
#23.9956,  5.22618, 0.0939, 0.0816, 16.701, 0.566451,  35.1795, 06 Jan 2015 15:01:13
#23.9956,  5.22618, 0.0939, 0.0816, 16.701, 0.566451,  35.1795, 06 Jan 2015 15:01:13
#23.9956,  5.22618, 0.0939, 0.0816, 16.701, 0.566451,  35.1795, 06 Jan 2015 15:01:13
#24.1142,  5.22192, 0.0913, 0.0865, 16.342, 0.563951,  35.0538, 06 Jan 2015 15:21:13
#24.0452,  5.21699, 0.0941, 0.0875, 16.304, 0.564968,  35.0709, 06 Jan 2015 16:01:13
#24.0452,  5.21699, 0.0941, 0.0875, 16.304, 0.564968,  35.0709, 06 Jan 2015 16:01:13
#24.0069,  5.21435, 0.2162, 0.0926, 16.349, 0.565563,  35.0811, 06 Jan 2015 16:41:13
#23.9573,  5.21783, 0.1040, 0.0863, 16.424, 0.566630,  35.1466, 06 Jan 2015 17:21:13
#23.9171,  5.21907, 0.1037, 0.0936, 16.511, 0.567386,  35.1877, 06 Jan 2015 17:41:13
#23.9042,  5.22237, 0.1143, 0.0856, 16.626, 0.567633,  35.2229, 06 Jan 2015 18:01:13
#23.8726,  5.22119, 0.1134, 0.0865, 16.663, 0.568126,  35.2391, 06 Jan 2015 18:21:13
#23.8564,  5.22223, 0.1133, 0.0842, 16.678, 0.568481,  35.2598, 06 Jan 2015 18:41:13
#23.8694,  5.22675, 0.1119, 0.0839, 16.705, 0.568276,  35.2838, 06 Jan 2015 19:01:13
#23.8862,  5.22901, 0.1132, 0.0844, 16.723, 0.567991,  35.2877, 06 Jan 2015 19:21:13
#23.8525,  5.22491, 0.1131, 0.0845, 16.677, 0.568551,  35.2833, 06 Jan 2015 19:41:13
#23.8525,  5.22491, 0.1131, 0.0845, 16.677, 0.568551,  35.2833, 06 Jan 2015 19:41:13
#23.8427,  5.22376, 0.1085, 0.0844, 16.650, 0.568755,  35.2823, 06 Jan 2015 20:01:13
#23.8061,  5.21996, 0.1096, 0.0831, 16.670, 0.569398,  35.2826, 06 Jan 2015 20:41:13
#23.8135,  5.22092, 0.1071, 0.0832, 16.675, 0.569222,  35.2839, 06 Jan 2015 21:01:13
#23.8223,  5.22219, 0.1198, 0.0831, 16.706, 0.569153,  35.2866, 06 Jan 2015 21:21:13
#23.7946,  5.21937, 0.1105, 0.0839, 16.735, 0.569690,  35.2872, 06 Jan 2015 21:41:13
#23.8817,  5.23002, 0.0989, 0.0848, 16.731, 0.568070,  35.2989, 06 Jan 2015 22:01:13
#23.8620,  5.22777, 0.0975, 0.0843, 16.739, 0.568411,  35.2974, 06 Jan 2015 22:21:13
#23.8933,  5.23073, 0.0962, 0.0816, 16.744, 0.567897,  35.2950, 06 Jan 2015 22:41:13
#23.8920,  5.23063, 0.0937, 0.0822, 16.744, 0.567903,  35.2954, 06 Jan 2015 23:01:13
#23.9112,  5.23176, 0.0878, 0.0828, 16.768, 0.567610,  35.2887, 06 Jan 2015 23:21:13
