#24.1761,  5.25163, 0.1169, 0.0817, 16.928, 0.562709,  35.2293, 31 Dec 2014 23:41:14
#24.1712,  5.25086, 0.1154, 0.0820, 16.938, 0.562801,  35.2274, 01 Jan 2015 00:01:14
#23.9594,  5.20634, 0.1110, 0.0829, 16.996, 0.566252,  35.0578, 01 Jan 2015 00:21:14
#23.9594,  5.20634, 0.1110, 0.0829, 16.996, 0.566252,  35.0578, 01 Jan 2015 00:21:14
#23.9158,  5.19424, 0.1120, 0.0841, 16.992, 0.567477,  35.0006, 01 Jan 2015 00:41:14
#24.1613,  5.24852, 0.1092, 0.0805, 16.888, 0.563333,  35.2176, 01 Jan 2015 01:21:14
#24.1510,  5.24952, 0.1083, 0.0828, 16.876, 0.563204,  35.2333, 01 Jan 2015 01:41:14
#24.1703,  5.25206, 0.1089, 0.0823, 16.825, 0.562839,  35.2372, 01 Jan 2015 02:01:14
#24.0761,  5.23571, 0.1085, 0.0834, 16.886, 0.564478,  35.1880, 01 Jan 2015 02:21:14
#24.0362,  5.22993, 0.1068, 0.0856, 16.922, 0.565170,  35.1759, 01 Jan 2015 02:41:14
#24.0383,  5.22787, 0.1025, 0.0848, 16.877, 0.565269,  35.1586, 01 Jan 2015 03:01:14
#23.9340,  5.20943, 0.0974, 0.0856, 16.899, 0.567081,  35.1013, 01 Jan 2015 03:21:14
#24.0136,  5.22511, 0.0957, 0.0845, 16.868, 0.565648,  35.1572, 01 Jan 2015 03:41:14
#24.0378,  5.23086, 0.0952, 0.0832, 16.855, 0.565357,  35.1816, 01 Jan 2015 04:01:14
#24.0378,  5.23086, 0.0952, 0.0832, 16.855, 0.565357,  35.1816, 01 Jan 2015 04:01:14
#24.0378,  5.23086, 0.0952, 0.0832, 16.855, 0.565357,  35.1816, 01 Jan 2015 04:01:14
#24.0781,  5.23917, 0.0962, 0.0831, 16.824, 0.564485,  35.2126, 01 Jan 2015 04:21:14
#24.1427,  5.24892, 0.0935, 0.0819, 16.808, 0.563323,  35.2352, 01 Jan 2015 05:21:14
#24.1237,  5.24628, 0.0894, 0.0831, 16.830, 0.563633,  35.2303, 01 Jan 2015 05:41:14
#24.1271,  5.24745, 0.0927, 0.0821, 16.830, 0.563630,  35.2364, 01 Jan 2015 06:01:14
#24.0881,  5.24214, 0.0918, 0.0839, 16.852, 0.564265,  35.2272, 01 Jan 2015 06:21:14
#24.0743,  5.23997, 0.0898, 0.0838, 16.910, 0.564546,  35.2217, 01 Jan 2015 06:41:14
#24.0743,  5.23997, 0.0898, 0.0838, 16.910, 0.564546,  35.2217, 01 Jan 2015 06:41:14
#24.0756,  5.24113, 0.0907, 0.0880, 16.870, 0.564378,  35.2294, 01 Jan 2015 07:01:14
#24.1640,  5.25409, 0.0881, 0.0806, 16.799, 0.562919,  35.2575, 01 Jan 2015 07:41:14
#24.1415,  5.25106, 0.0866, 0.0820, 16.807, 0.563338,  35.2523, 01 Jan 2015 08:01:14
#24.1415,  5.25106, 0.0866, 0.0820, 16.807, 0.563338,  35.2523, 01 Jan 2015 08:01:14
#24.1415,  5.25106, 0.0866, 0.0820, 16.807, 0.563338,  35.2523, 01 Jan 2015 08:01:14
#24.1680,  5.25486, 0.0850, 0.0805, 16.776, 0.562811,  35.2601, 01 Jan 2015 08:21:14
#24.2324,  5.26136, 0.0767, 0.0809, 16.729, 0.561716,  35.2583, 01 Jan 2015 09:21:14
#24.2511,  5.26318, 0.0765, 0.0819, 16.722, 0.561382,  35.2573, 01 Jan 2015 09:41:14
#24.1313,  5.24601, 0.0797, 0.0820, 16.963, 0.563457,  35.2223, 01 Jan 2015 10:01:14
#24.2308,  5.25926, 0.0803, 0.0805, 16.801, 0.561725,  35.2437, 01 Jan 2015 10:21:14
#24.2759,  5.26443, 0.0772, 0.0819, 16.777, 0.560912,  35.2471, 01 Jan 2015 10:41:14
#24.2759,  5.26443, 0.0772, 0.0819, 16.777, 0.560912,  35.2471, 01 Jan 2015 10:41:14
#24.2759,  5.26443, 0.0772, 0.0819, 16.777, 0.560912,  35.2471, 01 Jan 2015 10:41:14
#24.2986,  5.26712, 0.0792, 0.0818, 16.775, 0.560468,  35.2494, 01 Jan 2015 11:01:14
#24.2986,  5.26712, 0.0792, 0.0818, 16.775, 0.560468,  35.2494, 01 Jan 2015 11:01:14
#24.3276,  5.26978, 0.0779, 0.0801, 16.756, 0.559985,  35.2466, 01 Jan 2015 12:01:14
#24.3276,  5.26978, 0.0779, 0.0801, 16.756, 0.559985,  35.2466, 01 Jan 2015 12:01:14
#24.3276,  5.26978, 0.0779, 0.0801, 16.756, 0.559985,  35.2466, 01 Jan 2015 12:01:14
#24.3836,  5.27621, 0.0786, 0.0805, 16.723, 0.558855,  35.2509, 01 Jan 2015 12:41:14
#24.4256,  5.26781, 0.0886, 0.0840, 16.722, 0.558229,  35.1547, 01 Jan 2015 13:41:14
#24.4359,  5.27318, 0.0983, 0.0804, 16.697, 0.558051,  35.1870, 01 Jan 2015 14:01:14
#24.4108,  5.27355, 0.1065, 0.0824, 16.698, 0.558496,  35.2095, 01 Jan 2015 14:21:14
#24.4108,  5.27355, 0.1065, 0.0824, 16.698, 0.558496,  35.2095, 01 Jan 2015 14:21:14
#24.3763,  5.27165, 0.1047, 0.0817, 16.700, 0.559099,  35.2224, 01 Jan 2015 14:41:14
#24.3556,  5.27064, 0.0990, 0.0806, 16.669, 0.559486,  35.2310, 01 Jan 2015 15:21:14
#24.3443,  5.26920, 0.1027, 0.0807, 16.668, 0.559694,  35.2291, 01 Jan 2015 15:41:14
#24.3087,  5.25944, 0.1096, 0.0830, 16.656, 0.560331,  35.1837, 01 Jan 2015 16:01:14
#24.3436,  5.26569, 0.1166, 0.0808, 16.616, 0.559696,  35.2033, 01 Jan 2015 16:21:14
#24.3525,  5.26918, 0.1116, 0.0842, 16.588, 0.559553,  35.2225, 01 Jan 2015 16:41:14
#24.3336,  5.26858, 0.1121, 0.0817, 16.523, 0.559899,  35.2328, 01 Jan 2015 17:01:14
#24.2836,  5.26194, 0.1062, 0.0828, 16.533, 0.560760,  35.2222, 01 Jan 2015 17:21:14
#24.2637,  5.25926, 0.1090, 0.0837, 16.474, 0.561079,  35.2178, 01 Jan 2015 17:41:14
#24.2637,  5.25926, 0.1090, 0.0837, 16.474, 0.561079,  35.2178, 01 Jan 2015 17:41:14
#24.2673,  5.26134, 0.1053, 0.0830, 16.565, 0.561041,  35.2306, 01 Jan 2015 18:01:14
#24.2203,  5.25422, 0.1109, 0.0827, 16.603, 0.561778,  35.2140, 01 Jan 2015 18:41:14
#24.2105,  5.25243, 0.1128, 0.0825, 16.615, 0.562109,  35.2082, 01 Jan 2015 19:01:14
#24.2246,  5.25455, 0.1161, 0.0825, 16.646, 0.561831,  35.2131, 01 Jan 2015 19:21:14
#24.2030,  5.25234, 0.1133, 0.0824, 16.661, 0.562339,  35.2134, 01 Jan 2015 19:41:14
#24.1855,  5.25125, 0.1079, 0.0822, 16.681, 0.562484,  35.2191, 01 Jan 2015 20:01:14
#24.2265,  5.25520, 0.1033, 0.0821, 16.685, 0.561796,  35.2166, 01 Jan 2015 20:21:14
#24.2013,  5.25234, 0.1040, 0.0812, 16.693, 0.562278,  35.2148, 01 Jan 2015 20:41:14
#24.2297,  5.25620, 0.1000, 0.0822, 16.702, 0.561756,  35.2215, 01 Jan 2015 21:01:14
#24.2770,  5.26468, 0.0923, 0.0785, 16.695, 0.560880,  35.2481, 01 Jan 2015 21:21:14
#24.3072,  5.26814, 0.0908, 0.0799, 16.700, 0.560323,  35.2503, 01 Jan 2015 21:41:14
#24.3066,  5.26747, 0.0916, 0.0786, 16.681, 0.560355,  35.2458, 01 Jan 2015 22:01:14
#24.2598,  5.26248, 0.0948, 0.0803, 16.675, 0.561185,  35.2451, 01 Jan 2015 22:21:14
#24.2522,  5.26165, 0.0945, 0.0797, 16.678, 0.561344,  35.2448, 01 Jan 2015 22:41:14
#24.2223,  5.25872, 0.0985, 0.0788, 16.709, 0.561862,  35.2464, 01 Jan 2015 23:01:14
#24.1754,  5.24383, 0.0942, 0.0821, 16.750, 0.562579,  35.1711, 01 Jan 2015 23:21:14
