#25.3402,  5.33431, 0.1093, 0.0855, 16.576, 0.542094,  34.9384, 19 Jan 2015 23:41:13
#25.3278,  5.33681, 0.1021, 0.0852, 16.562, 0.542618,  34.9663, 20 Jan 2015 00:01:13
#25.3917,  5.35111, 0.0994, 0.0840, 16.553, 0.541583,  35.0225, 20 Jan 2015 00:21:13
#25.3818,  5.35606, 0.0983, 0.0828, 16.539, 0.541365,  35.0666, 20 Jan 2015 00:41:13
#25.3956,  5.36027, 0.0910, 0.0854, 16.705, 0.541200,  35.0870, 20 Jan 2015 01:01:13
#25.3956,  5.36027, 0.0910, 0.0854, 16.705, 0.541200,  35.0870, 20 Jan 2015 01:01:13
#25.3934,  5.36000, 0.0936, 0.0830, 16.683, 0.541250,  35.0867, 20 Jan 2015 01:21:13
#25.3934,  5.36000, 0.0936, 0.0830, 16.683, 0.541250,  35.0867, 20 Jan 2015 01:21:13
#25.2499,  5.34215, 0.0920, 0.0840, 16.786, 0.543681,  35.0659, 20 Jan 2015 02:01:13
#25.2256,  5.34096, 0.0936, 0.0828, 16.810, 0.544163,  35.0759, 20 Jan 2015 02:41:13
#25.1201,  5.32571, 0.0897, 0.0840, 16.825, 0.545959,  35.0449, 20 Jan 2015 03:01:13
#25.1201,  5.32571, 0.0897, 0.0840, 16.825, 0.545959,  35.0449, 20 Jan 2015 03:01:13
#25.0741,  5.32524, 0.0899, 0.0826, 16.823, 0.546750,  35.0771, 20 Jan 2015 03:21:13
#24.9517,  5.31645, 0.0908, 0.0825, 16.826, 0.548914,  35.1069, 20 Jan 2015 04:01:13
#24.9517,  5.31645, 0.0908, 0.0825, 16.826, 0.548914,  35.1069, 20 Jan 2015 04:01:13
#24.9517,  5.31645, 0.0908, 0.0825, 16.826, 0.548914,  35.1069, 20 Jan 2015 04:01:13
#25.0211,  5.32314, 0.0947, 0.0838, 16.965, 0.547679,  35.1026, 20 Jan 2015 04:21:13
#24.9691,  5.31079, 0.0971, 0.0860, 17.106, 0.548491,  35.0514, 20 Jan 2015 05:21:13
#24.7594,  5.30281, 0.0946, 0.0852, 16.979, 0.552285,  35.1553, 20 Jan 2015 05:41:13
#24.7594,  5.30281, 0.0946, 0.0852, 16.979, 0.552285,  35.1553, 20 Jan 2015 05:41:13
#24.5756,  5.28628, 0.1042, 0.0828, 16.842, 0.555148,  35.1756, 20 Jan 2015 06:01:13
#24.6177,  5.28901, 0.1017, 0.0873, 17.169, 0.554760,  35.1630, 20 Jan 2015 06:41:13
#24.8156,  5.29210, 0.1114, 0.0888, 17.297, 0.551354,  35.0316, 20 Jan 2015 07:01:13
#24.8937,  5.29977, 0.1139, 0.0888, 17.222, 0.549964,  35.0281, 20 Jan 2015 07:21:13
#24.9160,  5.30500, 0.1127, 0.0874, 17.081, 0.549605,  35.0496, 20 Jan 2015 07:41:13
#24.8392,  5.29107, 0.1105, 0.0875, 17.148, 0.550915,  35.0057, 20 Jan 2015 08:01:13
#24.8192,  5.29394, 0.1092, 0.0872, 17.111, 0.551152,  35.0425, 20 Jan 2015 08:21:13
#24.7681,  5.29746, 0.1019, 0.0862, 16.999, 0.552077,  35.1086, 20 Jan 2015 08:41:13
#24.7845,  5.29765, 0.0981, 0.0835, 16.925, 0.551851,  35.0971, 20 Jan 2015 09:01:13
#24.7034,  5.28998, 0.0968, 0.0849, 16.862, 0.553271,  35.1033, 20 Jan 2015 09:21:13
#24.6111,  5.28559, 0.0993, 0.0838, 16.940, 0.554722,  35.1426, 20 Jan 2015 09:41:13
#24.6086,  5.28547, 0.0996, 0.0874, 17.372, 0.554822,  35.1437, 20 Jan 2015 10:01:13
#24.6419,  5.28928, 0.1017, 0.0826, 16.975, 0.554197,  35.1460, 20 Jan 2015 10:21:13
#24.7998,  5.30483, 0.0969, 0.0874, 17.392, 0.551617,  35.1388, 20 Jan 2015 10:41:13
#24.8905,  5.31353, 0.1104, 0.0874, 17.306, 0.549989,  35.1329, 20 Jan 2015 11:01:13
#25.0000,  5.32512, 0.0945, 0.0874, 17.135, 0.548075,  35.1337, 20 Jan 2015 11:21:13
#25.0841,  5.33243, 0.1040, 0.0875, 17.079, 0.546567,  35.1225, 20 Jan 2015 11:41:13
#25.0358,  5.32714, 0.0983, 0.0861, 17.091, 0.547437,  35.1209, 20 Jan 2015 12:01:13
#25.0174,  5.32473, 0.1081, 0.0880, 17.037, 0.547818,  35.1173, 20 Jan 2015 12:21:13
#24.9618,  5.31976, 0.0980, 0.0821, 16.735, 0.548651,  35.1236, 20 Jan 2015 12:41:13
#24.9488,  5.32272, 0.0968, 0.0814, 16.615, 0.548929,  35.1558, 20 Jan 2015 13:01:13
#24.9373,  5.32206, 0.1030, 0.0763, 16.593, 0.549226,  35.1599, 20 Jan 2015 13:21:13
#24.9373,  5.32206, 0.1030, 0.0763, 16.593, 0.549226,  35.1599, 20 Jan 2015 13:21:13
#24.8883,  5.31760, 0.1140, 0.0765, 16.599, 0.549946,  35.1648, 20 Jan 2015 13:41:13
#24.8883,  5.31760, 0.1140, 0.0765, 16.599, 0.549946,  35.1648, 20 Jan 2015 13:41:13
#25.1822,  5.32722, 0.1101, 0.0863, 16.816, 0.544869,  35.0080, 20 Jan 2015 14:21:13
#25.1822,  5.32722, 0.1101, 0.0863, 16.816, 0.544869,  35.0080, 20 Jan 2015 14:21:13
#25.1573,  5.32871, 0.1090, 0.0852, 16.798, 0.545305,  35.0383, 20 Jan 2015 15:01:13
#25.0179,  5.32324, 0.1114, 0.0848, 16.657, 0.547687,  35.1059, 20 Jan 2015 15:41:13
#24.9696,  5.32236, 0.1065, 0.0849, 16.613, 0.548574,  35.1369, 20 Jan 2015 16:01:13
#24.9166,  5.31842, 0.1138, 0.0834, 16.626, 0.549501,  35.1489, 20 Jan 2015 16:21:13
#24.8789,  5.31573, 0.1103, 0.0847, 16.625, 0.550149,  35.1583, 20 Jan 2015 16:41:13
#24.8789,  5.31573, 0.1103, 0.0847, 16.625, 0.550149,  35.1583, 20 Jan 2015 16:41:13
#25.2483,  5.33112, 0.1128, 0.0862, 16.113, 0.543974,  34.9857, 20 Jan 2015 17:01:13
#25.0212,  5.32223, 0.1103, 0.0861, 16.297, 0.547439,  35.0958, 20 Jan 2015 17:21:13
#25.0540,  5.32380, 0.1114, 0.0862, 16.295, 0.547157,  35.0819, 20 Jan 2015 17:41:13
#24.9891,  5.32051, 0.1065, 0.0869, 16.363, 0.548232,  35.1079, 20 Jan 2015 18:01:13
#24.9891,  5.32051, 0.1065, 0.0869, 16.363, 0.548232,  35.1079, 20 Jan 2015 18:01:13
#24.9891,  5.32051, 0.1065, 0.0869, 16.363, 0.548232,  35.1079, 20 Jan 2015 18:01:13
#25.0254,  5.32230, 0.1043, 0.0862, 16.230, 0.547442,  35.0930, 20 Jan 2015 18:21:13
#24.7523,  5.30567, 0.0968, 0.0835, 16.519, 0.552624,  35.1821, 20 Jan 2015 19:21:13
#24.7985,  5.30979, 0.0981, 0.0834, 16.554, 0.551617,  35.1768, 20 Jan 2015 19:41:13
#24.8069,  5.31093, 0.0981, 0.0834, 16.610, 0.551446,  35.1787, 20 Jan 2015 20:01:13
#24.8091,  5.31125, 0.0981, 0.0833, 16.648, 0.551423,  35.1794, 20 Jan 2015 20:21:13
#24.8486,  5.31526, 0.0980, 0.0822, 16.657, 0.550611,  35.1784, 20 Jan 2015 20:41:13
#24.8994,  5.31980, 0.0959, 0.0835, 16.645, 0.550009,  35.1726, 20 Jan 2015 21:01:13
#24.8994,  5.31980, 0.0959, 0.0835, 16.645, 0.550009,  35.1726, 20 Jan 2015 21:01:13
#25.0464,  5.33375, 0.0956, 0.0870, 16.541, 0.547256,  35.1617, 20 Jan 2015 21:21:13
#24.9998,  5.31486, 0.1113, 0.0885, 16.694, 0.548098,  35.0577, 20 Jan 2015 21:41:13
#24.9879,  5.30640, 0.1173, 0.0884, 16.722, 0.548290,  35.0042, 20 Jan 2015 22:01:13
#24.9016,  5.30767, 0.1210, 0.0883, 16.789, 0.549804,  35.0806, 20 Jan 2015 22:21:13
#24.8681,  5.28667, 0.1270, 0.0895, 16.842, 0.550650,  34.9504, 20 Jan 2015 22:41:13
#24.7863,  5.29250, 0.1233, 0.0883, 16.848, 0.551794,  35.0574, 20 Jan 2015 23:01:13
#24.8377,  5.28897, 0.1148, 0.0869, 16.877, 0.550981,  34.9912, 20 Jan 2015 23:21:13
