#24.5684,  5.28351, 0.1219, 0.0907, 16.821, 0.555754,  35.1605, 29 Jan 2015 23:21:12
#24.5681,  5.28382, 0.1231, 0.0910, 16.831, 0.555657,  35.1631, 30 Jan 2015 00:01:12
#24.5824,  5.28489, 0.1191, 0.0904, 16.897, 0.555462,  35.1598, 30 Jan 2015 00:21:12
#24.5727,  5.28385, 0.1226, 0.0906, 16.749, 0.555636,  35.1597, 30 Jan 2015 00:41:12
#24.5576,  5.28204, 0.1242, 0.0920, 16.785, 0.555907,  35.1579, 30 Jan 2015 01:01:12
#24.5243,  5.27871, 0.1209, 0.0903, 16.819, 0.556381,  35.1590, 30 Jan 2015 01:21:12
#24.5375,  5.28019, 0.1205, 0.0903, 16.787, 0.556284,  35.1598, 30 Jan 2015 01:41:12
#24.5582,  5.28252, 0.1172, 0.0890, 16.775, 0.555902,  35.1611, 30 Jan 2015 02:01:12
#24.5701,  5.28398, 0.1162, 0.0892, 16.749, 0.555677,  35.1627, 30 Jan 2015 02:21:12
#24.5706,  5.28403, 0.1152, 0.0878, 16.765, 0.555666,  35.1627, 30 Jan 2015 02:41:12
#24.5664,  5.28350, 0.1144, 0.0889, 16.769, 0.555741,  35.1619, 30 Jan 2015 03:01:12
#24.5512,  5.28210, 0.1129, 0.0864, 16.768, 0.556003,  35.1634, 30 Jan 2015 03:21:12
#24.5601,  5.28311, 0.1159, 0.0863, 16.748, 0.555839,  35.1639, 30 Jan 2015 03:41:12
#24.5356,  5.28080, 0.1119, 0.0864, 16.701, 0.556259,  35.1659, 30 Jan 2015 04:01:12
#24.5269,  5.27960, 0.1139, 0.0849, 16.716, 0.556454,  35.1637, 30 Jan 2015 04:21:12
#24.5359,  5.28064, 0.1109, 0.0850, 16.770, 0.556270,  35.1644, 30 Jan 2015 04:41:12
#24.5412,  5.28126, 0.1080, 0.0849, 16.747, 0.556187,  35.1649, 30 Jan 2015 05:01:12
#24.5265,  5.27987, 0.1105, 0.0863, 16.718, 0.556490,  35.1660, 30 Jan 2015 05:21:12
#24.5323,  5.28048, 0.1064, 0.0863, 16.762, 0.556343,  35.1661, 30 Jan 2015 05:41:12
#24.5323,  5.28048, 0.1064, 0.0863, 16.762, 0.556343,  35.1661, 30 Jan 2015 05:41:12
#24.5239,  5.27959, 0.1066, 0.0851, 16.744, 0.556487,  35.1660, 30 Jan 2015 06:01:12
#24.5189,  5.27619, 0.1081, 0.0844, 16.724, 0.556601,  35.1444, 30 Jan 2015 06:41:12
#24.4945,  5.27364, 0.1119, 0.0845, 16.734, 0.556964,  35.1444, 30 Jan 2015 07:01:12
#24.4940,  5.27375, 0.1091, 0.0859, 16.746, 0.557031,  35.1456, 30 Jan 2015 07:21:12
#24.4859,  5.27328, 0.1053, 0.0846, 16.741, 0.557126,  35.1485, 30 Jan 2015 07:41:12
#24.4968,  5.27431, 0.1053, 0.0856, 16.740, 0.556979,  35.1477, 30 Jan 2015 08:01:12
#24.4884,  5.27347, 0.1040, 0.0857, 16.736, 0.557111,  35.1479, 30 Jan 2015 08:21:12
#24.4618,  5.24915, 0.1037, 0.0857, 16.899, 0.557607,  34.9865, 30 Jan 2015 08:41:12
#24.4887,  5.22458, 0.1083, 0.0903, 17.198, 0.557134,  34.7814, 30 Jan 2015 09:01:12
#24.5313,  5.25385, 0.1097, 0.0943, 17.155, 0.556315,  34.9674, 30 Jan 2015 09:21:12
#24.5083,  5.25600, 0.1002, 0.0882, 17.083, 0.556749,  35.0014, 30 Jan 2015 09:41:12
#24.5083,  5.25600, 0.1002, 0.0882, 17.083, 0.556749,  35.0014, 30 Jan 2015 09:41:12
#24.5251,  5.26390, 0.0978, 0.0866, 16.993, 0.556492,  35.0475, 30 Jan 2015 10:01:12
#24.5251,  5.26390, 0.0978, 0.0866, 16.993, 0.556492,  35.0475, 30 Jan 2015 10:01:12
#24.5683,  5.25748, 0.0976, 0.0868, 16.949, 0.555726,  34.9657, 30 Jan 2015 10:41:12
#24.6645,  5.25375, 0.0978, 0.0866, 16.893, 0.554000,  34.8631, 30 Jan 2015 11:21:12
#24.7522,  5.28751, 0.0953, 0.0844, 16.721, 0.552768,  35.0468, 30 Jan 2015 11:41:12
#24.6701,  5.28581, 0.0928, 0.0879, 16.646, 0.553810,  35.0981, 30 Jan 2015 12:01:12
#24.7744,  5.29424, 0.0878, 0.0879, 16.637, 0.551992,  35.0797, 30 Jan 2015 12:21:12
#24.7968,  5.29757, 0.0953, 0.0878, 16.607, 0.551805,  35.0870, 30 Jan 2015 12:41:12
#24.9008,  5.31229, 0.0820, 0.0793, 16.553, 0.549815,  35.1156, 30 Jan 2015 13:01:12
#24.9216,  5.31717, 0.0926, 0.0817, 16.536, 0.549481,  35.1357, 30 Jan 2015 13:21:12
#25.0610,  5.33140, 0.0938, 0.0830, 16.510, 0.546986,  35.1329, 30 Jan 2015 13:41:12
#25.0610,  5.33140, 0.0938, 0.0830, 16.510, 0.546986,  35.1329, 30 Jan 2015 13:41:12
#25.0502,  5.32942, 0.0891, 0.0831, 16.506, 0.547112,  35.1266, 30 Jan 2015 14:01:12
#25.0502,  5.32942, 0.0891, 0.0831, 16.506, 0.547112,  35.1266, 30 Jan 2015 14:01:12
#25.0502,  5.32942, 0.0891, 0.0831, 16.506, 0.547112,  35.1266, 30 Jan 2015 14:01:12
#25.0574,  5.33024, 0.0965, 0.0829, 16.487, 0.547043,  35.1271, 30 Jan 2015 15:01:12
#25.1111,  5.33586, 0.0948, 0.0796, 16.472, 0.546089,  35.1270, 30 Jan 2015 15:41:12
#25.1818,  5.34315, 0.1001, 0.0866, 16.456, 0.544861,  35.1261, 30 Jan 2015 16:01:12
#25.2267,  5.34789, 0.0973, 0.0830, 16.464, 0.544084,  35.1263, 30 Jan 2015 16:21:12
#25.2267,  5.34789, 0.0973, 0.0830, 16.464, 0.544084,  35.1263, 30 Jan 2015 16:21:12
#25.1623,  5.34106, 0.0988, 0.0829, 16.453, 0.545182,  35.1257, 30 Jan 2015 16:41:12
#25.2133,  5.33480, 0.1378, 0.0900, 16.039, 0.544414,  35.0399, 30 Jan 2015 17:21:12
#25.2400,  5.33165, 0.1330, 0.0887, 15.858, 0.543781,  34.9960, 30 Jan 2015 17:41:12
#25.2356,  5.32405, 0.1185, 0.0864, 15.949, 0.544036,  34.9433, 30 Jan 2015 18:01:12
#25.1344,  5.33676, 0.1175, 0.0853, 16.370, 0.545639,  35.1156, 30 Jan 2015 18:21:12
#25.1513,  5.33730, 0.1030, 0.0840, 16.287, 0.545415,  35.1065, 30 Jan 2015 18:41:12
#25.1448,  5.33882, 0.1062, 0.0839, 16.462, 0.545521,  35.1227, 30 Jan 2015 19:01:12
#25.0591,  5.31893, 0.1218, 0.0849, 16.305, 0.547001,  35.0420, 30 Jan 2015 19:21:12
#25.1553,  5.33121, 0.1192, 0.0861, 16.268, 0.545478,  35.0583, 30 Jan 2015 19:41:12
#25.1280,  5.32672, 0.1169, 0.0847, 16.287, 0.545881,  35.0462, 30 Jan 2015 20:01:12
#25.0422,  5.30063, 0.1402, 0.0875, 16.116, 0.547396,  34.9193, 30 Jan 2015 20:21:12
#24.9519,  5.29056, 0.1529, 0.0883, 16.140, 0.548781,  34.9145, 30 Jan 2015 20:41:12
#24.8690,  5.26154, 0.1377, 0.0873, 16.220, 0.550256,  34.7630, 30 Jan 2015 21:01:12
#25.1035,  5.30511, 0.1424, 0.0886, 16.286, 0.546684,  34.9052, 30 Jan 2015 21:21:12
#25.0509,  5.28087, 0.1365, 0.0873, 16.481, 0.547392,  34.7662, 30 Jan 2015 21:41:12
#25.0509,  5.28087, 0.1365, 0.0873, 16.481, 0.547392,  34.7662, 30 Jan 2015 21:41:12
#25.0724,  5.33027, 0.1097, 0.0847, 16.547, 0.546697,  35.1156, 30 Jan 2015 22:21:12
#25.0200,  5.32363, 0.1027, 0.0846, 16.503, 0.547710,  35.1071, 30 Jan 2015 22:41:12
#24.9853,  5.31771, 0.1013, 0.0833, 16.565, 0.548348,  35.0901, 30 Jan 2015 23:01:12
#24.9532,  5.29426, 0.1353, 0.1044, 16.587, 0.548866,  34.9409, 30 Jan 2015 23:21:12
