#24.3935,  5.26734, 0.1028, 0.0948, 16.650, 0.558814,  35.1764, 16 Jan 2015 23:41:13
#24.3861,  5.26584, 0.1018, 0.0937, 16.663, 0.558955,  35.1710, 17 Jan 2015 00:01:13
#24.3941,  5.26774, 0.1040, 0.0935, 16.666, 0.558794,  35.1789, 17 Jan 2015 00:21:13
#24.3603,  5.26422, 0.1028, 0.0949, 16.708, 0.559229,  35.1790, 17 Jan 2015 00:41:13
#24.3705,  5.27332, 0.0955, 0.0904, 16.716, 0.559227,  35.2394, 17 Jan 2015 01:01:13
#24.3653,  5.27155, 0.0967, 0.0920, 16.701, 0.559408,  35.2302, 17 Jan 2015 01:21:13
#24.3414,  5.26663, 0.0967, 0.0914, 16.702, 0.559746,  35.2121, 17 Jan 2015 01:41:13
#24.3497,  5.26967, 0.0965, 0.0946, 16.860, 0.559632,  35.2284, 17 Jan 2015 02:01:13
#24.3446,  5.26840, 0.0982, 0.1030, 16.905, 0.559710,  35.2228, 17 Jan 2015 02:21:13
#24.3329,  5.26773, 0.0970, 0.0992, 16.888, 0.559911,  35.2270, 17 Jan 2015 02:41:13
#24.3406,  5.27091, 0.0944, 0.0876, 16.741, 0.559769,  35.2448, 17 Jan 2015 03:01:13
#24.3459,  5.27159, 0.0920, 0.0865, 16.726, 0.559666,  35.2459, 17 Jan 2015 03:21:13
#24.3200,  5.26807, 0.0967, 0.0913, 16.866, 0.560084,  35.2397, 17 Jan 2015 03:41:13
#24.3200,  5.26807, 0.0967, 0.0913, 16.866, 0.560084,  35.2397, 17 Jan 2015 03:41:13
#24.3313,  5.26957, 0.0941, 0.0911, 16.877, 0.559955,  35.2421, 17 Jan 2015 04:01:13
#24.3253,  5.26950, 0.0928, 0.0897, 16.940, 0.560043,  35.2463, 17 Jan 2015 04:41:13
#24.3296,  5.26868, 0.0927, 0.0991, 17.109, 0.559949,  35.2368, 17 Jan 2015 05:01:13
#24.3209,  5.26742, 0.0928, 0.0979, 17.186, 0.560145,  35.2342, 17 Jan 2015 05:21:13
#24.3108,  5.26618, 0.0917, 0.0991, 17.214, 0.560295,  35.2328, 17 Jan 2015 05:41:13
#24.2833,  5.26315, 0.0937, 0.1051, 17.202, 0.560769,  35.2316, 17 Jan 2015 06:01:13
#24.3020,  5.26724, 0.0912, 0.0930, 16.966, 0.560428,  35.2477, 17 Jan 2015 06:21:13
#24.2845,  5.26563, 0.0927, 0.0922, 16.940, 0.560738,  35.2494, 17 Jan 2015 06:41:13
#24.2786,  5.26364, 0.0925, 0.0910, 16.925, 0.560845,  35.2390, 17 Jan 2015 07:01:13
#24.2684,  5.26290, 0.0925, 0.0978, 17.063, 0.561060,  35.2416, 17 Jan 2015 07:21:13
#24.2488,  5.26094, 0.0962, 0.1086, 17.022, 0.561386,  35.2422, 17 Jan 2015 07:41:13
#24.2671,  5.23099, 0.1081, 0.1048, 16.995, 0.561072,  35.0023, 17 Jan 2015 08:01:13
#24.2768,  5.23895, 0.1142, 0.1110, 16.971, 0.560871,  35.0545, 17 Jan 2015 08:21:13
#24.2768,  5.23895, 0.1142, 0.1110, 16.971, 0.560871,  35.0545, 17 Jan 2015 08:21:13
#24.2978,  5.22419, 0.1165, 0.1111, 16.973, 0.560435,  34.9270, 17 Jan 2015 08:41:13
#24.2928,  5.24174, 0.1117, 0.1099, 17.001, 0.560331,  35.0629, 17 Jan 2015 09:21:13
#24.3810,  5.23442, 0.1151, 0.1145, 16.963, 0.559148,  34.9389, 17 Jan 2015 09:41:13
#24.3810,  5.23442, 0.1151, 0.1145, 16.963, 0.559148,  34.9389, 17 Jan 2015 09:41:13
#24.3871,  5.23743, 0.1114, 0.1168, 16.926, 0.558946,  34.9568, 17 Jan 2015 10:01:13
#24.4864,  5.24371, 0.1019, 0.1036, 16.865, 0.557163,  34.9265, 17 Jan 2015 10:41:13
#24.4864,  5.24371, 0.1019, 0.1036, 16.865, 0.557163,  34.9265, 17 Jan 2015 10:41:13
#24.4811,  5.24022, 0.1057, 0.1083, 16.763, 0.557141,  34.9045, 17 Jan 2015 11:01:13
#24.4284,  5.27139, 0.0925, 0.0882, 16.824, 0.558153,  35.1794, 17 Jan 2015 11:41:13
#24.3775,  5.27271, 0.0947, 0.0939, 16.640, 0.559041,  35.2294, 17 Jan 2015 12:01:13
#24.4769,  5.28328, 0.0893, 0.0882, 16.623, 0.557328,  35.2306, 17 Jan 2015 12:21:13
#24.4769,  5.28328, 0.0893, 0.0882, 16.623, 0.557328,  35.2306, 17 Jan 2015 12:21:13
#24.6079,  5.29308, 0.0965, 0.0881, 16.729, 0.555025,  35.2012, 17 Jan 2015 12:41:13
#24.5950,  5.29046, 0.0957, 0.0905, 16.714, 0.555184,  35.1916, 17 Jan 2015 13:21:13
#24.5442,  5.28480, 0.0980, 0.0842, 16.707, 0.556196,  35.1891, 17 Jan 2015 13:41:13
#24.6328,  5.29919, 0.0983, 0.0854, 16.668, 0.554503,  35.2274, 17 Jan 2015 14:01:13
#24.6630,  5.30235, 0.1003, 0.0854, 16.653, 0.553999,  35.2273, 17 Jan 2015 14:21:13
#24.6630,  5.30235, 0.1003, 0.0854, 16.653, 0.553999,  35.2273, 17 Jan 2015 14:21:13
#24.6234,  5.29831, 0.1029, 0.0855, 16.664, 0.554662,  35.2282, 17 Jan 2015 14:41:13
#24.8065,  5.29209, 0.1175, 0.1101, 16.180, 0.551586,  35.0386, 17 Jan 2015 15:21:13
#24.8865,  5.29551, 0.1196, 0.1104, 16.108, 0.550073,  35.0019, 17 Jan 2015 15:41:13
#24.8838,  5.29881, 0.1211, 0.1092, 16.116, 0.550006,  35.0286, 17 Jan 2015 16:01:13
#24.8838,  5.29881, 0.1211, 0.1092, 16.116, 0.550006,  35.0286, 17 Jan 2015 16:01:13
#24.8838,  5.29881, 0.1211, 0.1092, 16.116, 0.550006,  35.0286, 17 Jan 2015 16:01:13
#24.8773,  5.29894, 0.1231, 0.1066, 16.120, 0.550179,  35.0346, 17 Jan 2015 16:21:13
#24.7570,  5.29804, 0.1305, 0.1018, 16.289, 0.552361,  35.1216, 17 Jan 2015 17:21:13
#24.7528,  5.29187, 0.1307, 0.1019, 16.265, 0.552401,  35.0788, 17 Jan 2015 17:41:13
#24.7528,  5.29187, 0.1307, 0.1019, 16.265, 0.552401,  35.0788, 17 Jan 2015 17:41:13
#24.5837,  5.28966, 0.1150, 0.0947, 16.471, 0.555185,  35.1945, 17 Jan 2015 18:01:13
#24.6147,  5.28012, 0.1161, 0.0957, 16.356, 0.554905,  35.0988, 17 Jan 2015 18:41:13
#24.6147,  5.28012, 0.1161, 0.0957, 16.356, 0.554905,  35.0988, 17 Jan 2015 18:41:13
#24.6872,  5.29466, 0.1100, 0.0982, 16.209, 0.553583,  35.1509, 17 Jan 2015 19:01:13
#24.6242,  5.29478, 0.1074, 0.1019, 16.584, 0.554720,  35.2011, 17 Jan 2015 19:41:13
#24.6242,  5.29478, 0.1074, 0.1019, 16.584, 0.554720,  35.2011, 17 Jan 2015 19:41:13
#24.5909,  5.29234, 0.1086, 0.1018, 16.616, 0.555153,  35.2089, 17 Jan 2015 20:21:13
#24.6255,  5.29457, 0.1050, 0.1053, 16.617, 0.554710,  35.1985, 17 Jan 2015 20:41:13
#24.7080,  5.30269, 0.1002, 0.1028, 16.526, 0.553261,  35.1946, 17 Jan 2015 21:01:13
#24.6389,  5.29648, 0.1012, 0.1003, 16.630, 0.554402,  35.2023, 17 Jan 2015 21:21:13
#24.5576,  5.28891, 0.1053, 0.1029, 16.657, 0.555874,  35.2094, 17 Jan 2015 21:41:13
#24.5576,  5.28891, 0.1053, 0.1029, 16.657, 0.555874,  35.2094, 17 Jan 2015 21:41:13
#24.5634,  5.29072, 0.1026, 0.0979, 16.680, 0.555774,  35.2184, 17 Jan 2015 22:01:13
#24.5351,  5.28891, 0.1014, 0.0932, 16.659, 0.556258,  35.2271, 17 Jan 2015 22:41:13
#24.5273,  5.28862, 0.0978, 0.0911, 16.647, 0.556417,  35.2310, 17 Jan 2015 23:01:13
#24.5095,  5.28194, 0.0978, 0.0912, 16.646, 0.556734,  35.1949, 17 Jan 2015 23:21:13
