#23.5699,  5.16494, 0.0949, 0.0922, 17.037, 0.573778,  35.0509, 04 Jan 2015 23:41:13
#23.4987,  5.14973, 0.0957, 0.0908, 17.044, 0.573971,  34.9911, 05 Jan 2015 00:01:13
#23.6298,  5.17818, 0.0941, 0.0894, 17.027, 0.573390,  35.1044, 05 Jan 2015 00:21:13
#23.3090,  5.09202, 0.0956, 0.0907, 17.107, 0.578337,  34.6995, 05 Jan 2015 00:41:13
#23.4521,  5.13143, 0.0964, 0.0872, 17.043, 0.574911,  34.8881, 05 Jan 2015 01:01:13
#23.5911,  5.17537, 0.0924, 0.0879, 17.026, 0.573600,  35.1136, 05 Jan 2015 01:21:13
#23.3604,  5.11999, 0.0931, 0.0868, 17.087, 0.577008,  34.8730, 05 Jan 2015 01:41:13
#23.3604,  5.11999, 0.0931, 0.0868, 17.087, 0.577008,  34.8730, 05 Jan 2015 01:41:13
#23.5109,  5.14040, 0.0917, 0.0880, 17.093, 0.576000,  34.9102, 05 Jan 2015 02:01:13
#23.5896,  5.16527, 0.0949, 0.0881, 17.070, 0.573469,  35.0378, 05 Jan 2015 02:41:13
#23.6277,  5.17850, 0.0921, 0.0869, 17.058, 0.572816,  35.1084, 05 Jan 2015 03:01:13
#23.6584,  5.18724, 0.0921, 0.0856, 16.998, 0.572352,  35.1507, 05 Jan 2015 03:21:13
#23.6976,  5.19888, 0.0943, 0.0856, 16.962, 0.571618,  35.2083, 05 Jan 2015 03:41:13
#23.7363,  5.20591, 0.0906, 0.0866, 16.965, 0.570819,  35.2311, 05 Jan 2015 04:01:13
#23.7097,  5.19454, 0.0967, 0.0840, 16.972, 0.571170,  35.1656, 05 Jan 2015 04:21:13
#23.7097,  5.19454, 0.0967, 0.0840, 16.972, 0.571170,  35.1656, 05 Jan 2015 04:21:13
#23.7097,  5.19454, 0.0967, 0.0840, 16.972, 0.571170,  35.1656, 05 Jan 2015 04:21:13
#23.6921,  5.19633, 0.0915, 0.0850, 16.984, 0.571097,  35.1932, 05 Jan 2015 04:41:13
#23.6456,  5.18490, 0.0902, 0.0887, 17.108, 0.572394,  35.1430, 05 Jan 2015 05:41:13
#23.6871,  5.19912, 0.0889, 0.0845, 17.080, 0.571678,  35.2185, 05 Jan 2015 06:01:13
#23.5875,  5.16972, 0.0886, 0.0865, 17.252, 0.573526,  35.0734, 05 Jan 2015 06:21:13
#23.5117,  5.15911, 0.0897, 0.0894, 17.275, 0.574904,  35.0524, 05 Jan 2015 06:41:13
#23.5735,  5.17744, 0.0907, 0.0949, 17.226, 0.573850,  35.1435, 05 Jan 2015 07:01:13
#23.4785,  5.16887, 0.0886, 0.0919, 17.224, 0.575364,  35.1534, 05 Jan 2015 07:21:13
#23.5109,  5.17578, 0.0860, 0.0868, 17.205, 0.574834,  35.1804, 05 Jan 2015 07:41:13
#23.6501,  5.20214, 0.0871, 0.0854, 17.119, 0.572550,  35.2709, 05 Jan 2015 08:01:13
#23.6735,  5.20505, 0.0859, 0.0876, 17.062, 0.571915,  35.2745, 05 Jan 2015 08:21:13
#23.6773,  5.20522, 0.0834, 0.0892, 17.081, 0.571770,  35.2727, 05 Jan 2015 08:41:13
#23.7165,  5.21171, 0.0786, 0.0840, 17.047, 0.571104,  35.2910, 05 Jan 2015 09:01:13
#23.7165,  5.21171, 0.0786, 0.0840, 17.047, 0.571104,  35.2910, 05 Jan 2015 09:01:13
#23.7292,  5.21330, 0.0786, 0.0825, 17.008, 0.570808,  35.2930, 05 Jan 2015 09:21:13
#23.7818,  5.21906, 0.0763, 0.0810, 16.900, 0.569868,  35.2950, 05 Jan 2015 10:01:13
#23.7915,  5.21638, 0.0764, 0.0821, 16.821, 0.569716,  35.2669, 05 Jan 2015 10:21:13
#23.8640,  5.22736, 0.0751, 0.0813, 16.790, 0.568398,  35.2927, 05 Jan 2015 10:41:13
#23.8640,  5.22736, 0.0751, 0.0813, 16.790, 0.568398,  35.2927, 05 Jan 2015 10:41:13
#23.9161,  5.23382, 0.0751, 0.0813, 16.783, 0.567160,  35.3004, 05 Jan 2015 11:01:13
#23.9161,  5.23382, 0.0751, 0.0813, 16.783, 0.567160,  35.3004, 05 Jan 2015 11:01:13
#23.9927,  5.24274, 0.0761, 0.0811, 16.752, 0.566060,  35.3073, 05 Jan 2015 11:41:13
#24.0193,  5.24686, 0.0751, 0.0835, 16.740, 0.565524,  35.3174, 05 Jan 2015 12:21:13
#24.0352,  5.24862, 0.0750, 0.0810, 16.722, 0.565244,  35.3180, 05 Jan 2015 12:41:13
#24.0441,  5.24954, 0.0753, 0.0837, 16.726, 0.565114,  35.3180, 05 Jan 2015 13:01:13
#24.0371,  5.24838, 0.0764, 0.0792, 16.719, 0.565215,  35.3148, 05 Jan 2015 13:21:13
#24.0575,  5.25056, 0.0772, 0.0825, 16.709, 0.564665,  35.3150, 05 Jan 2015 13:41:13
#24.0869,  5.25348, 0.0751, 0.0848, 16.710, 0.564328,  35.3139, 05 Jan 2015 14:01:13
#24.1050,  5.25529, 0.0797, 0.0812, 16.698, 0.564008,  35.3132, 05 Jan 2015 14:21:13
#24.1839,  5.26437, 0.0805, 0.0802, 16.676, 0.562620,  35.3194, 05 Jan 2015 14:41:13
#24.1569,  5.26088, 0.0781, 0.0913, 16.680, 0.563055,  35.3144, 05 Jan 2015 15:01:13
#24.1268,  5.25710, 0.0792, 0.0732, 16.668, 0.563579,  35.3096, 05 Jan 2015 15:21:13
#24.1197,  5.25567, 0.0837, 0.0843, 16.668, 0.563731,  35.3045, 05 Jan 2015 15:41:13
#24.1365,  5.25755, 0.0987, 0.0805, 16.644, 0.563419,  35.3053, 05 Jan 2015 16:01:13
#24.1365,  5.25755, 0.0987, 0.0805, 16.644, 0.563419,  35.3053, 05 Jan 2015 16:01:13
#24.1235,  5.25631, 0.0920, 0.0817, 16.646, 0.563646,  35.3062, 05 Jan 2015 16:21:13
#24.1174,  5.25465, 0.0969, 0.0817, 16.630, 0.563763,  35.2985, 05 Jan 2015 17:01:13
#24.1174,  5.25465, 0.0969, 0.0817, 16.630, 0.563763,  35.2985, 05 Jan 2015 17:01:13
#24.1336,  5.25224, 0.0980, 0.0817, 16.623, 0.563479,  35.2675, 05 Jan 2015 17:21:13
#24.1336,  5.25224, 0.0980, 0.0817, 16.623, 0.563479,  35.2675, 05 Jan 2015 17:21:13
#24.0740,  5.23575, 0.0989, 0.0827, 16.588, 0.564652,  35.1900, 05 Jan 2015 18:01:13
#24.0456,  5.23605, 0.0989, 0.0839, 16.536, 0.565046,  35.2147, 05 Jan 2015 18:41:13
#24.0128,  5.22212, 0.0950, 0.0852, 16.395, 0.565642,  35.1352, 05 Jan 2015 19:01:13
#24.0220,  5.22862, 0.0960, 0.0840, 16.387, 0.565474,  35.1772, 05 Jan 2015 19:21:13
#24.0109,  5.23042, 0.0961, 0.0838, 16.460, 0.565709,  35.1995, 05 Jan 2015 19:41:13
#23.9439,  5.22161, 0.0935, 0.0840, 16.441, 0.567078,  35.1857, 05 Jan 2015 20:01:13
#23.9439,  5.22161, 0.0935, 0.0840, 16.441, 0.567078,  35.1857, 05 Jan 2015 20:01:13
#23.8767,  5.20708, 0.0948, 0.0849, 16.326, 0.568124,  35.1287, 05 Jan 2015 20:21:13
#23.9452,  5.22198, 0.0888, 0.0848, 16.366, 0.566845,  35.1876, 05 Jan 2015 21:01:13
#23.9452,  5.22198, 0.0888, 0.0848, 16.366, 0.566845,  35.1876, 05 Jan 2015 21:01:13
#23.9944,  5.23644, 0.0911, 0.0837, 16.555, 0.565993,  35.2582, 05 Jan 2015 21:21:13
#23.9756,  5.23067, 0.0922, 0.0861, 16.374, 0.566455,  35.2293, 05 Jan 2015 22:01:13
#23.9591,  5.23346, 0.0851, 0.0886, 16.019, 0.566641,  35.2636, 05 Jan 2015 22:21:13
#23.9591,  5.23346, 0.0851, 0.0886, 16.019, 0.566641,  35.2636, 05 Jan 2015 22:21:13
#23.9522,  5.23411, 0.0896, 0.0848, 16.366, 0.566738,  35.2740, 05 Jan 2015 22:41:13
#23.9291,  5.22264, 0.0921, 0.0847, 16.576, 0.567175,  35.2053, 05 Jan 2015 23:21:13
