#24.5017,  5.27460, 0.1013, 0.0897, 16.659, 0.556860,  35.1460, 17 Jan 2015 23:41:13
#24.4804,  5.28408, 0.1000, 0.0887, 16.699, 0.557158,  35.2338, 18 Jan 2015 00:01:13
#24.4804,  5.28408, 0.1000, 0.0887, 16.699, 0.557158,  35.2338, 18 Jan 2015 00:01:13
#24.4820,  5.28172, 0.0966, 0.0885, 16.666, 0.557239,  35.2148, 18 Jan 2015 00:21:13
#24.4483,  5.28081, 0.0976, 0.0897, 16.708, 0.557822,  35.2345, 18 Jan 2015 01:01:13
#24.4344,  5.27899, 0.0989, 0.0915, 16.753, 0.558068,  35.2318, 18 Jan 2015 01:21:13
#24.4608,  5.28254, 0.0955, 0.0909, 16.705, 0.557641,  35.2377, 18 Jan 2015 01:41:13
#24.4316,  5.27993, 0.0953, 0.0883, 16.697, 0.558128,  35.2410, 18 Jan 2015 02:01:13
#24.4006,  5.27426, 0.0987, 0.0998, 16.843, 0.558707,  35.2228, 18 Jan 2015 02:21:13
#24.4021,  5.25844, 0.1024, 0.0978, 16.814, 0.558601,  35.1028, 18 Jan 2015 02:41:13
#24.4021,  5.25844, 0.1024, 0.0978, 16.814, 0.558601,  35.1028, 18 Jan 2015 02:41:13
#24.4259,  5.25225, 0.1072, 0.0989, 16.828, 0.558287,  35.0377, 18 Jan 2015 03:01:13
#24.3971,  5.25643, 0.1061, 0.0973, 16.867, 0.558723,  35.0917, 18 Jan 2015 03:41:13
#24.3971,  5.25643, 0.1061, 0.0973, 16.867, 0.558723,  35.0917, 18 Jan 2015 03:41:13
#24.3971,  5.25643, 0.1061, 0.0973, 16.867, 0.558723,  35.0917, 18 Jan 2015 03:41:13
#24.4258,  5.26155, 0.1060, 0.0964, 16.850, 0.558277,  35.1076, 18 Jan 2015 04:01:13
#24.4258,  5.26155, 0.1060, 0.0964, 16.850, 0.558277,  35.1076, 18 Jan 2015 04:01:13
#24.3690,  5.26083, 0.1060, 0.0964, 16.936, 0.559291,  35.1467, 18 Jan 2015 05:01:13
#24.2985,  5.24767, 0.1071, 0.0953, 16.960, 0.560395,  35.1031, 18 Jan 2015 05:41:13
#24.3092,  5.25180, 0.1058, 0.0939, 16.955, 0.560218,  35.1258, 18 Jan 2015 06:01:13
#24.3092,  5.25180, 0.1058, 0.0939, 16.955, 0.560218,  35.1258, 18 Jan 2015 06:01:13
#24.3056,  5.25547, 0.1021, 0.0939, 16.921, 0.560399,  35.1563, 18 Jan 2015 06:21:13
#24.3056,  5.25547, 0.1021, 0.0939, 16.921, 0.560399,  35.1563, 18 Jan 2015 06:21:13
#24.3056,  5.25547, 0.1021, 0.0939, 16.921, 0.560399,  35.1563, 18 Jan 2015 06:21:13
#24.2347,  5.25733, 0.1012, 0.1072, 16.995, 0.561652,  35.2261, 18 Jan 2015 07:01:13
#24.3208,  5.26606, 0.1048, 0.0883, 16.801, 0.560101,  35.2240, 18 Jan 2015 08:01:13
#24.3304,  5.26892, 0.1023, 0.0871, 16.768, 0.559890,  35.2380, 18 Jan 2015 08:21:13
#24.3573,  5.27291, 0.1021, 0.0879, 16.783, 0.559447,  35.2468, 18 Jan 2015 08:41:13
#24.3451,  5.27110, 0.0976, 0.0908, 16.848, 0.559683,  35.2428, 18 Jan 2015 09:01:13
#24.3619,  5.23647, 0.1118, 0.0989, 16.863, 0.559363,  34.9693, 18 Jan 2015 09:21:13
#24.4008,  5.22949, 0.1130, 0.1026, 16.909, 0.558684,  34.8865, 18 Jan 2015 09:41:13
#24.4200,  5.24034, 0.1231, 0.1025, 16.876, 0.558337,  34.9530, 18 Jan 2015 10:01:13
#24.3968,  5.26448, 0.1084, 0.0963, 16.831, 0.558688,  35.1523, 18 Jan 2015 10:21:13
#24.3958,  5.27101, 0.0987, 0.0896, 16.830, 0.558822,  35.2023, 18 Jan 2015 10:41:13
#24.3958,  5.27101, 0.0987, 0.0896, 16.830, 0.558822,  35.2023, 18 Jan 2015 10:41:13
#24.4830,  5.26245, 0.1034, 0.0939, 16.777, 0.557163,  35.0695, 18 Jan 2015 11:01:13
#24.5349,  5.24951, 0.1071, 0.1131, 16.583, 0.556181,  34.9322, 18 Jan 2015 11:41:13
#24.5832,  5.25210, 0.1167, 0.1139, 16.573, 0.555455,  34.9139, 18 Jan 2015 12:01:13
#24.6493,  5.25962, 0.1106, 0.1086, 16.579, 0.554229,  34.9187, 18 Jan 2015 12:21:13
#24.5281,  5.28162, 0.0949, 0.0954, 16.605, 0.556354,  35.1779, 18 Jan 2015 12:41:13
#24.5281,  5.28162, 0.0949, 0.0954, 16.605, 0.556354,  35.1779, 18 Jan 2015 12:41:13
#24.5082,  5.28378, 0.1045, 0.1026, 16.521, 0.556680,  35.2097, 18 Jan 2015 13:01:13
#24.5323,  5.28846, 0.0926, 0.1015, 16.587, 0.556307,  35.2259, 18 Jan 2015 13:41:13
#24.5005,  5.28667, 0.1069, 0.1000, 16.595, 0.556884,  35.2374, 18 Jan 2015 14:01:13
#24.5638,  5.29389, 0.0855, 0.0972, 16.561, 0.555736,  35.2419, 18 Jan 2015 14:21:13
#24.5262,  5.29033, 0.0914, 0.0969, 16.551, 0.556404,  35.2447, 18 Jan 2015 14:41:13
#24.6129,  5.28873, 0.1069, 0.1052, 16.400, 0.554337,  35.1647, 18 Jan 2015 15:01:13
#24.6129,  5.28873, 0.1069, 0.1052, 16.400, 0.554337,  35.1647, 18 Jan 2015 15:01:13
#24.6967,  5.29146, 0.1093, 0.1392, 16.276, 0.553674,  35.1195, 18 Jan 2015 15:21:13
#24.6967,  5.29171, 0.1189, 0.1051, 16.298, 0.553253,  35.1214, 18 Jan 2015 16:01:13
#24.6967,  5.29171, 0.1189, 0.1051, 16.298, 0.553253,  35.1214, 18 Jan 2015 16:01:13
#24.6143,  5.29293, 0.1164, 0.1038, 16.351, 0.554847,  35.1950, 18 Jan 2015 16:21:13
#24.6126,  5.29354, 0.1082, 0.1006, 16.362, 0.554878,  35.2009, 18 Jan 2015 17:01:13
#24.6843,  5.30378, 0.1071, 0.1061, 16.175, 0.553490,  35.2213, 18 Jan 2015 17:21:13
#24.7142,  5.30628, 0.1092, 0.1047, 16.194, 0.553087,  35.2166, 18 Jan 2015 17:41:13
#24.6555,  5.30072, 0.1056, 0.1050, 16.282, 0.553971,  35.2210, 18 Jan 2015 18:01:13
#24.6555,  5.30072, 0.1056, 0.1050, 16.282, 0.553971,  35.2210, 18 Jan 2015 18:01:13
#24.6177,  5.29744, 0.1057, 0.1029, 16.377, 0.554789,  35.2261, 18 Jan 2015 18:21:13
#24.6177,  5.29744, 0.1057, 0.1029, 16.377, 0.554789,  35.2261, 18 Jan 2015 18:21:13
#24.6177,  5.29744, 0.1057, 0.1029, 16.377, 0.554789,  35.2261, 18 Jan 2015 18:21:13
#24.6116,  5.29642, 0.1057, 0.1008, 16.457, 0.555182,  35.2233, 18 Jan 2015 19:01:13
#24.5764,  5.29278, 0.1009, 0.1034, 16.606, 0.555675,  35.2236, 18 Jan 2015 19:41:13
#24.5392,  5.28992, 0.1032, 0.1005, 16.657, 0.556255,  35.2314, 18 Jan 2015 20:21:13
#24.5211,  5.28825, 0.1057, 0.1022, 16.682, 0.556502,  35.2331, 18 Jan 2015 20:41:13
#24.5228,  5.28775, 0.1011, 0.1010, 16.753, 0.556490,  35.2280, 18 Jan 2015 21:01:13
#24.5534,  5.29053, 0.1008, 0.1042, 16.752, 0.555960,  35.2248, 18 Jan 2015 21:21:13
#24.4948,  5.28475, 0.0996, 0.1003, 16.760, 0.556984,  35.2276, 18 Jan 2015 21:41:13
#24.4948,  5.28475, 0.0996, 0.1003, 16.760, 0.556984,  35.2276, 18 Jan 2015 21:41:13
#24.4887,  5.28469, 0.1019, 0.1000, 16.791, 0.557109,  35.2319, 18 Jan 2015 22:21:13
#24.4122,  5.24050, 0.1127, 0.0975, 16.747, 0.558427,  34.9602, 18 Jan 2015 22:41:13
#24.4633,  5.24511, 0.1284, 0.0979, 16.672, 0.557582,  34.9549, 18 Jan 2015 23:01:13
#24.4707,  5.24613, 0.1274, 0.0964, 16.719, 0.557377,  34.9568, 18 Jan 2015 23:21:13
