#24.6891,  5.29037, 0.1091, 0.0858, 16.899, 0.553514,  35.1174, 20 Jan 2015 23:41:13
#24.7064,  5.27738, 0.1223, 0.0883, 16.997, 0.553230,  35.0069, 21 Jan 2015 00:01:13
#24.7383,  5.25200, 0.1185, 0.0869, 17.012, 0.552645,  34.7929, 21 Jan 2015 00:21:13
#24.6341,  5.27498, 0.1197, 0.0857, 16.979, 0.554571,  35.0454, 21 Jan 2015 00:41:13
#24.6075,  5.26890, 0.1125, 0.0870, 16.983, 0.555116,  35.0205, 21 Jan 2015 01:01:13
#24.5882,  5.25332, 0.1078, 0.0846, 16.976, 0.555327,  34.9191, 21 Jan 2015 01:21:13
#24.5096,  5.26802, 0.1077, 0.0832, 16.924, 0.556631,  35.0905, 21 Jan 2015 01:41:13
#24.4423,  5.26579, 0.1077, 0.0846, 16.967, 0.557864,  35.1265, 21 Jan 2015 02:01:13
#24.4715,  5.26514, 0.1066, 0.0844, 16.920, 0.557385,  35.0987, 21 Jan 2015 02:21:13
#24.5036,  5.26759, 0.1089, 0.0831, 16.913, 0.556854,  35.0920, 21 Jan 2015 02:41:13
#24.5036,  5.26759, 0.1089, 0.0831, 16.913, 0.556854,  35.0920, 21 Jan 2015 02:41:13
#24.4802,  5.26730, 0.1053, 0.0843, 16.906, 0.557284,  35.1081, 21 Jan 2015 03:01:13
#24.4700,  5.26930, 0.1076, 0.0844, 16.903, 0.557858,  35.1310, 21 Jan 2015 03:41:13
#24.4700,  5.26930, 0.1076, 0.0844, 16.903, 0.557858,  35.1310, 21 Jan 2015 03:41:13
#24.4726,  5.27178, 0.1053, 0.0832, 16.895, 0.557443,  35.1477, 21 Jan 2015 04:01:13
#24.4725,  5.27168, 0.1031, 0.0819, 16.907, 0.557496,  35.1470, 21 Jan 2015 04:41:13
#24.4152,  5.27233, 0.1041, 0.0819, 16.853, 0.558352,  35.1969, 21 Jan 2015 05:01:13
#24.4152,  5.27233, 0.1041, 0.0819, 16.853, 0.558352,  35.1969, 21 Jan 2015 05:01:13
#24.4087,  5.26839, 0.1029, 0.0831, 16.881, 0.558490,  35.1724, 21 Jan 2015 05:21:13
#24.4087,  5.26839, 0.1029, 0.0831, 16.881, 0.558490,  35.1724, 21 Jan 2015 05:21:13
#24.3160,  5.25659, 0.1029, 0.0829, 16.992, 0.560212,  35.1565, 21 Jan 2015 06:01:13
#24.1649,  5.25168, 0.1014, 0.0807, 16.893, 0.562866,  35.2386, 21 Jan 2015 06:41:13
#24.1214,  5.24787, 0.0967, 0.0818, 16.950, 0.563755,  35.2441, 21 Jan 2015 07:01:13
#24.0661,  5.24176, 0.0967, 0.0819, 16.997, 0.564672,  35.2416, 21 Jan 2015 07:21:13
#24.0997,  5.24252, 0.1017, 0.9363, 17.174, 0.564082,  35.2208, 21 Jan 2015 07:41:13
#24.0871,  5.24154, 0.0954, 0.0818, 17.191, 0.564431,  35.2234, 21 Jan 2015 08:01:13
#24.2057,  5.25271, 0.0952, 0.0882, 17.659, 0.562225,  35.2141, 21 Jan 2015 08:21:13
#24.1061,  5.24517, 0.0934, 0.0834, 17.279, 0.563923,  35.2359, 21 Jan 2015 08:41:13
#24.2304,  5.25506, 0.0946, 0.0880, 17.401, 0.561834,  35.2123, 21 Jan 2015 09:01:13
#24.2304,  5.25506, 0.0946, 0.0880, 17.401, 0.561834,  35.2123, 21 Jan 2015 09:01:13
#24.2304,  5.25506, 0.0946, 0.0880, 17.401, 0.561834,  35.2123, 21 Jan 2015 09:01:13
#24.3030,  5.26109, 0.1016, 0.0912, 17.314, 0.560650,  35.2006, 21 Jan 2015 09:21:13
#24.2864,  5.26079, 0.0973, 0.0883, 16.964, 0.560897,  35.2114, 21 Jan 2015 10:21:13
#24.2740,  5.26039, 0.0986, 0.0883, 17.070, 0.560793,  35.2182, 21 Jan 2015 10:41:13
#24.3047,  5.26276, 0.0961, 0.0879, 17.179, 0.560248,  35.2118, 21 Jan 2015 11:01:13
#24.3191,  5.26505, 0.0949, 0.0873, 16.967, 0.560059,  35.2178, 21 Jan 2015 11:21:13
#24.3191,  5.26505, 0.0949, 0.0873, 16.967, 0.560059,  35.2178, 21 Jan 2015 11:21:13
#24.4311,  5.27538, 0.1115, 2.1043, 16.813, 0.558029,  35.2072, 21 Jan 2015 12:01:13
#24.5291,  5.28430, 0.1025, 0.0881, 16.795, 0.556369,  35.1972, 21 Jan 2015 12:21:13
#24.5291,  5.28430, 0.1025, 0.0881, 16.795, 0.556369,  35.1972, 21 Jan 2015 12:21:13
#24.4838,  5.27920, 0.0999, 0.0907, 16.784, 0.557014,  35.1945, 21 Jan 2015 12:41:13
#24.5436,  5.28514, 0.1020, 0.0856, 16.688, 0.556273,  35.1921, 21 Jan 2015 13:21:13
#24.8145,  5.31302, 0.1021, 0.0851, 16.594, 0.551443,  35.1884, 21 Jan 2015 13:41:13
#24.8017,  5.31063, 0.1084, 0.0850, 16.565, 0.551558,  35.1805, 21 Jan 2015 14:01:13
#24.8017,  5.31063, 0.1084, 0.0850, 16.565, 0.551558,  35.1805, 21 Jan 2015 14:01:13
#24.8017,  5.31063, 0.1084, 0.0850, 16.565, 0.551558,  35.1805, 21 Jan 2015 14:01:13
#24.8275,  5.31288, 0.1106, 0.0835, 16.559, 0.551036,  35.1772, 21 Jan 2015 14:21:13
#24.9760,  5.30632, 0.1160, 0.0920, 16.458, 0.547761,  35.0127, 21 Jan 2015 15:01:13
#24.7789,  5.30868, 0.1012, 0.0861, 16.774, 0.551135,  35.1838, 21 Jan 2015 15:41:13
#24.8759,  5.31900, 0.1084, 0.0880, 16.862, 0.550183,  35.1849, 21 Jan 2015 16:01:13
#24.8214,  5.31549, 0.1093, 0.0833, 16.896, 0.551187,  35.2013, 21 Jan 2015 16:21:13
#24.8243,  5.31752, 0.1046, 0.0893, 16.556, 0.551102,  35.2142, 21 Jan 2015 16:41:13
#24.9110,  5.31886, 0.1097, 0.0964, 16.265, 0.549635,  35.1565, 21 Jan 2015 17:01:13
#24.9171,  5.31531, 0.1084, 0.0948, 16.252, 0.549502,  35.1254, 21 Jan 2015 17:21:13
#24.9171,  5.31531, 0.1084, 0.0948, 16.252, 0.549502,  35.1254, 21 Jan 2015 17:21:13
#24.9113,  5.30998, 0.1154, 0.0974, 16.274, 0.549611,  35.0903, 21 Jan 2015 17:41:13
#24.5976,  5.29306, 0.1073, 0.0870, 16.520, 0.555020,  35.2091, 21 Jan 2015 18:21:13
#24.6418,  5.29420, 0.1107, 0.0910, 16.499, 0.554597,  35.1829, 21 Jan 2015 18:41:13
#24.6334,  5.29838, 0.1046, 0.0818, 16.618, 0.554527,  35.2208, 21 Jan 2015 19:01:13
#24.6542,  5.29741, 0.1070, 0.0845, 16.600, 0.554153,  35.1972, 21 Jan 2015 19:21:13
#24.7750,  5.30193, 0.1045, 0.0894, 16.379, 0.552090,  35.1366, 21 Jan 2015 19:41:13
#24.7657,  5.30708, 0.1031, 0.0894, 16.573, 0.552538,  35.1822, 21 Jan 2015 20:01:13
#24.6226,  5.29557, 0.1069, 0.0859, 16.639, 0.554720,  35.2082, 21 Jan 2015 20:21:13
#24.5264,  5.28753, 0.1044, 0.0848, 16.625, 0.556202,  35.2235, 21 Jan 2015 20:41:13
#24.5192,  5.28620, 0.1069, 0.0834, 16.628, 0.556585,  35.2192, 21 Jan 2015 21:01:13
#24.4981,  5.28408, 0.1069, 0.0833, 16.648, 0.556960,  35.2199, 21 Jan 2015 21:21:13
#24.4558,  5.28043, 0.1069, 0.0848, 16.667, 0.557590,  35.2257, 21 Jan 2015 21:41:13
#24.5134,  5.28538, 0.1020, 0.0939, 16.759, 0.556611,  35.2176, 21 Jan 2015 22:01:13
#24.6429,  5.29511, 0.1044, 0.0987, 16.773, 0.554367,  35.1889, 21 Jan 2015 22:21:13
#24.6125,  5.29219, 0.1045, 0.0953, 16.746, 0.554933,  35.1908, 21 Jan 2015 22:41:13
#24.6618,  5.29587, 0.1019, 0.0986, 16.733, 0.554029,  35.1798, 21 Jan 2015 23:01:13
#24.5977,  5.29082, 0.1030, 0.0988, 16.739, 0.555124,  35.1923, 21 Jan 2015 23:21:13
