#24.8143,  5.30968, 0.0884, 0.0814, 16.560, 0.551388,  35.1636, 28 Jan 2015 23:41:12
#24.8048,  5.30858, 0.0871, 0.0818, 16.587, 0.551455,  35.1628, 29 Jan 2015 00:01:12
#24.7871,  5.30647, 0.0884, 0.0827, 16.613, 0.551805,  35.1609, 29 Jan 2015 00:21:12
#24.7979,  5.30779, 0.0885, 0.0827, 16.607, 0.551630,  35.1624, 29 Jan 2015 00:41:12
#24.7565,  5.30302, 0.0861, 0.0826, 16.680, 0.552346,  35.1591, 29 Jan 2015 01:01:12
#24.7565,  5.30302, 0.0861, 0.0826, 16.680, 0.552346,  35.1591, 29 Jan 2015 01:01:12
#24.7498,  5.30278, 0.0885, 0.0827, 16.600, 0.552481,  35.1625, 29 Jan 2015 01:21:12
#24.7498,  5.30278, 0.0885, 0.0827, 16.600, 0.552481,  35.1625, 29 Jan 2015 01:21:12
#24.7037,  5.29761, 0.0869, 0.0845, 16.692, 0.553265,  35.1600, 29 Jan 2015 02:21:12
#24.7088,  5.29790, 0.0859, 0.0866, 16.704, 0.553212,  35.1581, 29 Jan 2015 02:41:12
#24.7088,  5.29790, 0.0859, 0.0866, 16.704, 0.553212,  35.1581, 29 Jan 2015 02:41:12
#24.6694,  5.29374, 0.0860, 0.0835, 16.696, 0.553869,  35.1579, 29 Jan 2015 03:21:12
#24.6548,  5.29184, 0.0861, 0.0862, 16.717, 0.554155,  35.1551, 29 Jan 2015 03:41:12
#24.6548,  5.29184, 0.0861, 0.0862, 16.717, 0.554155,  35.1551, 29 Jan 2015 03:41:12
#24.6249,  5.28856, 0.0859, 0.0897, 16.761, 0.554699,  35.1540, 29 Jan 2015 04:21:12
#24.6202,  5.28810, 0.0846, 0.0904, 16.762, 0.554771,  35.1542, 29 Jan 2015 04:41:12
#24.6201,  5.28797, 0.0858, 0.1040, 16.782, 0.554798,  35.1534, 29 Jan 2015 05:01:12
#24.6119,  5.28722, 0.0846, 0.0946, 16.780, 0.554914,  35.1541, 29 Jan 2015 05:21:12
#24.6102,  5.28706, 0.0837, 0.0948, 16.813, 0.554945,  35.1543, 29 Jan 2015 05:41:12
#24.6100,  5.28676, 0.0835, 0.0870, 16.849, 0.554969,  35.1522, 29 Jan 2015 06:01:12
#24.6086,  5.28659, 0.0831, 0.0860, 16.872, 0.555035,  35.1521, 29 Jan 2015 06:21:12
#24.6032,  5.28619, 0.0832, 0.0845, 16.870, 0.555091,  35.1533, 29 Jan 2015 06:41:12
#24.6072,  5.28690, 0.0834, 0.1628, 16.877, 0.555007,  35.1554, 29 Jan 2015 07:01:12
#24.6001,  5.28629, 0.1854, 0.1356, 16.873, 0.555128,  35.1565, 29 Jan 2015 07:21:12
#24.6001,  5.28629, 0.1854, 0.1356, 16.873, 0.555128,  35.1565, 29 Jan 2015 07:21:12
#24.6001,  5.28629, 0.1854, 0.1356, 16.873, 0.555128,  35.1565, 29 Jan 2015 07:21:12
#24.5891,  5.28498, 0.0992, 0.1008, 16.881, 0.555306,  35.1552, 29 Jan 2015 08:21:12
#24.5849,  5.28443, 0.0984, 0.1007, 16.864, 0.555383,  35.1544, 29 Jan 2015 08:41:12
#24.5735,  5.28267, 0.0974, 0.0961, 16.852, 0.555602,  35.1501, 29 Jan 2015 09:01:12
#24.5691,  5.28277, 0.0968, 0.0963, 16.875, 0.555677,  35.1544, 29 Jan 2015 09:21:12
#24.5765,  5.28381, 0.0949, 0.0970, 16.875, 0.555547,  35.1563, 29 Jan 2015 09:41:12
#24.5659,  5.28249, 0.0937, 0.0942, 16.889, 0.555729,  35.1548, 29 Jan 2015 10:01:12
#24.5406,  5.27931, 0.0885, 0.0958, 17.184, 0.556201,  35.1508, 29 Jan 2015 10:21:12
#24.5601,  5.28296, 0.0917, 0.0990, 16.819, 0.555841,  35.1629, 29 Jan 2015 10:41:12
#24.5607,  5.28311, 0.0906, 0.1005, 16.851, 0.555828,  35.1635, 29 Jan 2015 11:01:12
#24.5517,  5.28215, 0.0899, 0.0922, 16.820, 0.555987,  35.1634, 29 Jan 2015 11:21:12
#24.5530,  5.28232, 0.0958, 0.0947, 16.753, 0.555951,  35.1637, 29 Jan 2015 11:41:12
#24.5530,  5.28222, 0.0971, 0.0921, 16.722, 0.555973,  35.1628, 29 Jan 2015 12:01:12
#24.5519,  5.28196, 0.1011, 0.0909, 16.691, 0.555995,  35.1618, 29 Jan 2015 12:21:12
#24.5523,  5.28215, 0.0980, 0.0906, 16.750, 0.555979,  35.1629, 29 Jan 2015 12:41:12
#24.5586,  5.28266, 0.0995, 0.0886, 16.701, 0.555874,  35.1618, 29 Jan 2015 13:01:12
#24.5635,  5.28309, 0.0965, 0.0891, 16.677, 0.555787,  35.1612, 29 Jan 2015 13:21:12
#24.5744,  5.28409, 0.0951, 0.0890, 16.646, 0.555590,  35.1602, 29 Jan 2015 13:41:12
#24.5861,  5.28521, 0.0973, 0.0888, 16.637, 0.555377,  35.1594, 29 Jan 2015 14:01:12
#24.5830,  5.28509, 0.0998, 0.0886, 16.615, 0.555420,  35.1609, 29 Jan 2015 14:21:12
#24.6090,  5.28766, 0.0923, 0.0845, 16.601, 0.554976,  35.1597, 29 Jan 2015 14:41:12
#24.6355,  5.29015, 0.0958, 0.0886, 16.588, 0.554516,  35.1577, 29 Jan 2015 15:01:12
#24.6469,  5.29023, 0.0971, 0.0877, 16.577, 0.554301,  35.1493, 29 Jan 2015 15:21:12
#24.6515,  5.29044, 0.0971, 0.0865, 16.571, 0.554212,  35.1473, 29 Jan 2015 15:41:12
#24.6547,  5.29086, 0.1018, 0.2774, 16.567, 0.554162,  35.1479, 29 Jan 2015 16:01:12
#24.6583,  5.29116, 0.1017, 0.2206, 16.560, 0.554095,  35.1473, 29 Jan 2015 16:21:12
#24.6591,  5.29132, 0.1039, 0.0865, 16.554, 0.554091,  35.1479, 29 Jan 2015 16:41:12
#24.6552,  5.29096, 0.1066, 0.0875, 16.557, 0.554158,  35.1482, 29 Jan 2015 17:01:12
#24.6394,  5.28324, 0.1134, 0.0958, 16.731, 0.554405,  35.1029, 29 Jan 2015 17:21:12
#24.6283,  5.28467, 0.1125, 0.0948, 16.816, 0.554632,  35.1223, 29 Jan 2015 17:41:12
#24.6241,  5.28612, 0.1135, 0.0911, 16.789, 0.554671,  35.1364, 29 Jan 2015 18:01:12
#24.6179,  5.28682, 0.1159, 0.0897, 16.741, 0.554811,  35.1464, 29 Jan 2015 18:21:12
#24.6023,  5.28616, 0.1256, 0.0881, 16.688, 0.555098,  35.1537, 29 Jan 2015 18:41:12
#24.5987,  5.28470, 0.1193, 0.0895, 16.820, 0.555160,  35.1457, 29 Jan 2015 19:01:12
#24.5987,  5.28470, 0.1193, 0.0895, 16.820, 0.555160,  35.1457, 29 Jan 2015 19:01:12
#24.6011,  5.28529, 0.1160, 0.0917, 16.856, 0.555114,  35.1482, 29 Jan 2015 19:21:12
#24.6263,  5.28898, 0.1158, 0.0913, 16.962, 0.554678,  35.1561, 29 Jan 2015 20:01:12
#24.6212,  5.28901, 0.1228, 0.0914, 17.006, 0.554743,  35.1603, 29 Jan 2015 20:21:12
#24.6153,  5.28783, 0.1157, 0.0923, 17.050, 0.554849,  35.1561, 29 Jan 2015 20:41:12
#24.6246,  5.28970, 0.1243, 0.0896, 16.947, 0.554699,  35.1627, 29 Jan 2015 21:01:12
#24.6148,  5.28897, 0.1349, 0.0900, 16.905, 0.554872,  35.1650, 29 Jan 2015 21:21:12
#24.6206,  5.28944, 0.1180, 0.0898, 16.945, 0.554779,  35.1640, 29 Jan 2015 21:41:12
#24.6145,  5.28841, 0.1100, 0.0924, 17.063, 0.554890,  35.1610, 29 Jan 2015 22:01:12
#24.6050,  5.28728, 0.1236, 0.0910, 16.830, 0.555059,  35.1601, 29 Jan 2015 22:21:12
#24.5887,  5.28536, 0.1231, 0.0920, 16.783, 0.555325,  35.1585, 29 Jan 2015 22:41:12
#24.5789,  5.28449, 0.1242, 0.0907, 16.790, 0.555524,  35.1595, 29 Jan 2015 23:01:12
#24.5789,  5.28449, 0.1242, 0.0907, 16.790, 0.555524,  35.1595, 29 Jan 2015 23:01:12
