#24.3719,  5.24266, 0.0820, 0.0873, 16.765, 0.559165,  35.0080, 25 Jan 2015 23:41:13
#24.5052,  5.26880, 0.0803, 0.0875, 16.744, 0.557004,  35.0998, 26 Jan 2015 00:21:13
#24.5121,  5.27195, 0.0761, 0.0883, 16.763, 0.556709,  35.1180, 26 Jan 2015 00:41:13
#24.5121,  5.27195, 0.0761, 0.0883, 16.763, 0.556709,  35.1180, 26 Jan 2015 00:41:13
#24.5121,  5.27195, 0.0761, 0.0883, 16.763, 0.556709,  35.1180, 26 Jan 2015 00:41:13
#24.4644,  5.26608, 0.0822, 0.0883, 16.744, 0.557595,  35.1113, 26 Jan 2015 01:21:13
#24.5172,  5.27394, 0.0772, 0.0900, 16.686, 0.556597,  35.1290, 26 Jan 2015 02:01:13
#24.5298,  5.27492, 0.0773, 0.0869, 16.678, 0.556425,  35.1264, 26 Jan 2015 02:21:13
#24.5298,  5.27492, 0.0773, 0.0869, 16.678, 0.556425,  35.1264, 26 Jan 2015 02:21:13
#24.4781,  5.26800, 0.0793, 0.0880, 16.771, 0.557274,  35.1150, 26 Jan 2015 03:01:13
#24.4671,  5.26758, 0.0820, 0.0875, 16.818, 0.557491,  35.1205, 26 Jan 2015 03:21:13
#24.4671,  5.26758, 0.0820, 0.0875, 16.818, 0.557491,  35.1205, 26 Jan 2015 03:21:13
#24.5131,  5.27343, 0.0790, 0.0864, 16.734, 0.556768,  35.1283, 26 Jan 2015 03:41:13
#24.5311,  5.27591, 0.0751, 0.0865, 16.733, 0.556448,  35.1328, 26 Jan 2015 04:21:13
#24.5257,  5.27596, 0.0740, 0.0882, 16.772, 0.556433,  35.1374, 26 Jan 2015 04:41:13
#24.5215,  5.27533, 0.0712, 0.0904, 16.813, 0.556537,  35.1360, 26 Jan 2015 05:01:13
#24.2962,  5.20568, 0.0963, 0.0925, 16.991, 0.560664,  34.7892, 26 Jan 2015 05:21:13
#24.3483,  5.22469, 0.1019, 0.0940, 17.049, 0.561177,  34.8914, 26 Jan 2015 05:41:13
#24.3412,  5.22337, 0.0919, 0.0933, 17.010, 0.560006,  34.8871, 26 Jan 2015 06:01:13
#24.4228,  5.24410, 0.0856, 0.0906, 16.982, 0.558677,  34.9790, 26 Jan 2015 06:21:13
#24.2998,  5.20632, 0.0912, 0.0913, 17.004, 0.560636,  34.7912, 26 Jan 2015 06:41:13
#24.1046,  5.13032, 0.1006, 0.0942, 17.122, 0.563856,  34.3707, 26 Jan 2015 07:01:13
#24.0055,  5.10328, 0.0969, 0.0938, 17.149, 0.565967,  34.2433, 26 Jan 2015 07:21:13
#24.0694,  5.14406, 0.0871, 0.0942, 17.150, 0.564199,  34.5014, 26 Jan 2015 07:41:13
#24.2938,  5.21352, 0.0846, 0.0927, 17.072, 0.561063,  34.8500, 26 Jan 2015 08:01:13
#24.2630,  5.21569, 0.0871, 0.0939, 17.112, 0.561572,  34.8904, 26 Jan 2015 08:21:13
#24.2630,  5.21569, 0.0871, 0.0939, 17.112, 0.561572,  34.8904, 26 Jan 2015 08:21:13
#24.3018,  5.22316, 0.0748, 0.0911, 17.001, 0.560936,  34.9162, 26 Jan 2015 08:41:13
#24.2289,  5.19904, 0.0724, 0.0917, 17.062, 0.561581,  34.7917, 26 Jan 2015 09:21:13
#24.3051,  5.21429, 0.0702, 0.0934, 17.019, 0.560594,  34.8470, 26 Jan 2015 09:41:13
#24.2101,  5.16368, 0.0723, 0.0960, 17.050, 0.562424,  34.5403, 26 Jan 2015 10:01:13
#24.2119,  5.16907, 0.0760, 0.0840, 16.998, 0.562026,  34.5794, 26 Jan 2015 10:21:13
#24.2643,  5.17941, 0.0749, 0.0943, 16.914, 0.561037,  34.6166, 26 Jan 2015 10:41:13
#24.3291,  5.20373, 0.0781, 0.0927, 16.864, 0.559874,  34.7489, 26 Jan 2015 11:01:13
#24.3708,  5.21513, 0.0815, 0.0893, 16.817, 0.559248,  34.8021, 26 Jan 2015 11:21:13
#24.3928,  5.22505, 0.0721, 0.0922, 16.813, 0.558806,  34.8595, 26 Jan 2015 11:41:13
#24.3972,  5.21400, 0.0740, 0.0863, 16.802, 0.558785,  34.7731, 26 Jan 2015 12:01:13
#24.4270,  5.22550, 0.0730, 0.0944, 16.778, 0.558196,  34.8362, 26 Jan 2015 12:21:13
#24.4406,  5.21401, 0.0770, 0.0947, 16.758, 0.557956,  34.7396, 26 Jan 2015 12:41:13
#24.4828,  5.23680, 0.0747, 0.0905, 16.736, 0.557227,  34.8774, 26 Jan 2015 13:01:13
#24.5087,  5.24859, 0.0757, 0.0974, 16.709, 0.556763,  34.9457, 26 Jan 2015 13:21:13
#24.5087,  5.24859, 0.0757, 0.0974, 16.709, 0.556763,  34.9457, 26 Jan 2015 13:21:13
#24.5087,  5.24859, 0.0757, 0.0974, 16.709, 0.556763,  34.9457, 26 Jan 2015 13:21:13
#24.5226,  5.21677, 0.0814, 0.0983, 16.638, 0.556491,  34.6967, 26 Jan 2015 13:41:13
#24.5728,  5.23970, 0.0798, 0.0935, 16.519, 0.555619,  34.8293, 26 Jan 2015 14:41:13
#24.5728,  5.23970, 0.0798, 0.0935, 16.519, 0.555619,  34.8293, 26 Jan 2015 14:41:13
#24.5892,  5.26137, 0.0792, 0.0909, 16.481, 0.555306,  34.9785, 26 Jan 2015 15:01:13
#24.5931,  5.25716, 0.0812, 0.0957, 16.425, 0.555274,  34.9440, 26 Jan 2015 15:21:13
#24.5931,  5.25716, 0.0812, 0.0957, 16.425, 0.555274,  34.9440, 26 Jan 2015 15:21:13
#24.5931,  5.25716, 0.0812, 0.0957, 16.425, 0.555274,  34.9440, 26 Jan 2015 15:21:13
#24.5831,  5.23383, 0.0885, 0.0937, 16.363, 0.555434,  34.7774, 26 Jan 2015 16:21:13
#24.5657,  5.24946, 0.0967, 0.0941, 16.415, 0.555725,  34.9077, 26 Jan 2015 17:01:13
#24.5659,  5.22291, 0.0979, 0.0978, 16.370, 0.555734,  34.7092, 26 Jan 2015 17:21:13
#24.5245,  5.22957, 0.0957, 0.0921, 16.427, 0.556459,  34.7909, 26 Jan 2015 17:41:13
#24.5042,  5.21134, 0.1099, 0.0930, 16.416, 0.556830,  34.6703, 26 Jan 2015 18:01:13
#24.4883,  5.20920, 0.1135, 0.0935, 16.455, 0.557331,  34.6666, 26 Jan 2015 18:21:13
#24.4514,  5.20802, 0.1229, 0.0939, 16.488, 0.557922,  34.6863, 26 Jan 2015 18:41:13
#24.4361,  5.21185, 0.1144, 0.0927, 16.536, 0.558083,  34.7269, 26 Jan 2015 19:01:13
#24.4357,  5.21573, 0.1166, 0.0929, 16.564, 0.558037,  34.7562, 26 Jan 2015 19:21:13
#24.4886,  5.25238, 0.1011, 0.0915, 16.592, 0.557234,  34.9897, 26 Jan 2015 19:41:13
#24.4403,  5.24656, 0.1064, 0.0905, 16.606, 0.558105,  34.9838, 26 Jan 2015 20:01:13
#24.5021,  5.26972, 0.0922, 0.0902, 16.652, 0.557033,  35.1091, 26 Jan 2015 20:21:13
#24.5021,  5.26972, 0.0922, 0.0902, 16.652, 0.557033,  35.1091, 26 Jan 2015 20:21:13
#24.4796,  5.26808, 0.0912, 0.0888, 16.660, 0.557334,  35.1145, 26 Jan 2015 21:01:13
#24.4523,  5.26294, 0.0961, 0.0898, 16.644, 0.557814,  35.0973, 26 Jan 2015 21:21:13
#24.3920,  5.24894, 0.0897, 0.0886, 16.644, 0.558841,  35.0393, 26 Jan 2015 21:41:13
#24.2954,  5.22708, 0.0968, 0.0913, 16.589, 0.560654,  34.9507, 26 Jan 2015 22:01:13
#24.3103,  5.23750, 0.0903, 0.0903, 16.622, 0.560393,  35.0174, 26 Jan 2015 22:21:13
#24.2888,  5.23527, 0.0954, 0.0899, 16.688, 0.560408,  35.0174, 26 Jan 2015 22:41:13
#24.2888,  5.23527, 0.0954, 0.0899, 16.688, 0.560408,  35.0174, 26 Jan 2015 22:41:13
#24.2888,  5.23527, 0.0954, 0.0899, 16.688, 0.560408,  35.0174, 26 Jan 2015 22:41:13
