#24.1975,  5.25629, 0.1131, 0.0863, 16.732, 0.562209,  35.2476, 23 Jan 2015 23:21:13
#24.2656,  5.26148, 0.1145, 0.0886, 16.818, 0.561086,  35.2330, 24 Jan 2015 00:01:13
#24.2656,  5.26148, 0.1145, 0.0886, 16.818, 0.561086,  35.2330, 24 Jan 2015 00:01:13
#24.2488,  5.26027, 0.1156, 0.0901, 16.832, 0.561395,  35.2372, 24 Jan 2015 00:21:13
#24.3913,  5.24824, 0.1132, 0.0943, 16.913, 0.558846,  35.0347, 24 Jan 2015 01:01:13
#24.3913,  5.24824, 0.1132, 0.0943, 16.913, 0.558846,  35.0347, 24 Jan 2015 01:01:13
#24.3307,  5.25767, 0.1145, 0.0943, 16.906, 0.559927,  35.1530, 24 Jan 2015 01:21:13
#24.2775,  5.26193, 0.1122, 0.0944, 16.912, 0.560863,  35.2271, 24 Jan 2015 02:01:13
#24.2696,  5.26165, 0.1121, 0.0929, 16.913, 0.561031,  35.2312, 24 Jan 2015 02:21:13
#24.2644,  5.26108, 0.1132, 0.0917, 16.915, 0.561131,  35.2309, 24 Jan 2015 02:41:13
#24.2716,  5.26068, 0.1094, 0.0916, 16.952, 0.561013,  35.2222, 24 Jan 2015 03:01:13
#24.3105,  5.25050, 0.1071, 0.0937, 16.953, 0.560279,  35.1151, 24 Jan 2015 03:21:13
#24.3036,  5.24649, 0.1093, 0.0939, 16.950, 0.560229,  35.0902, 24 Jan 2015 03:41:13
#24.2993,  5.24520, 0.1081, 0.0926, 16.981, 0.560544,  35.0839, 24 Jan 2015 04:01:13
#24.2881,  5.25030, 0.1129, 0.0926, 16.996, 0.560665,  35.1311, 24 Jan 2015 04:21:13
#24.2538,  5.24595, 0.1119, 0.0914, 17.006, 0.561521,  35.1253, 24 Jan 2015 04:41:13
#24.2381,  5.23830, 0.1095, 0.0928, 17.034, 0.561528,  35.0800, 24 Jan 2015 05:01:13
#24.2381,  5.23830, 0.1095, 0.0928, 17.034, 0.561528,  35.0800, 24 Jan 2015 05:01:13
#24.2381,  5.23830, 0.1095, 0.0928, 17.034, 0.561528,  35.0800, 24 Jan 2015 05:01:13
#24.2381,  5.23830, 0.1095, 0.0928, 17.034, 0.561528,  35.0800, 24 Jan 2015 05:01:13
#24.2346,  5.23560, 0.1117, 0.0915, 17.031, 0.561658,  35.0624, 24 Jan 2015 05:21:13
#24.2000,  5.23172, 0.1130, 0.0924, 17.027, 0.562333,  35.0604, 24 Jan 2015 06:41:13
#24.2036,  5.23774, 0.1153, 0.0936, 16.977, 0.562235,  35.1029, 24 Jan 2015 07:01:13
#24.2192,  5.23121, 0.1117, 0.0937, 16.979, 0.561965,  35.0414, 24 Jan 2015 07:21:13
#24.1956,  5.22584, 0.1152, 0.0910, 16.966, 0.562393,  35.0195, 24 Jan 2015 07:41:13
#24.1443,  5.22717, 0.1114, 0.0933, 16.961, 0.563268,  35.0698, 24 Jan 2015 08:01:13
#24.1443,  5.22717, 0.1114, 0.0933, 16.961, 0.563268,  35.0698, 24 Jan 2015 08:01:13
#24.1476,  5.22197, 0.1140, 0.0947, 16.943, 0.563154,  35.0280, 24 Jan 2015 08:21:13
#24.1476,  5.22197, 0.1140, 0.0947, 16.943, 0.563154,  35.0280, 24 Jan 2015 08:21:13
#24.1690,  5.23422, 0.1091, 0.0924, 16.935, 0.562857,  35.1036, 24 Jan 2015 09:01:13
#24.2080,  5.23281, 0.1056, 0.0981, 16.889, 0.561611,  35.0623, 24 Jan 2015 09:41:13
#24.1642,  5.24284, 0.1031, 0.0900, 16.833, 0.562937,  35.1724, 24 Jan 2015 10:01:13
#24.1880,  5.24539, 0.1079, 0.0877, 16.830, 0.562573,  35.1728, 24 Jan 2015 10:21:13
#24.3055,  5.26162, 0.1018, 0.0934, 16.550, 0.560402,  35.2026, 24 Jan 2015 10:41:13
#24.3055,  5.26162, 0.1018, 0.0934, 16.550, 0.560402,  35.2026, 24 Jan 2015 10:41:13
#24.2648,  5.26003, 0.1031, 0.0992, 16.422, 0.561045,  35.2227, 24 Jan 2015 11:01:13
#24.2479,  5.25931, 0.1019, 0.0979, 16.598, 0.561475,  35.2306, 24 Jan 2015 11:41:13
#24.3405,  5.26957, 0.0993, 0.0956, 16.539, 0.559760,  35.2349, 24 Jan 2015 12:01:13
#24.3405,  5.26957, 0.0993, 0.0956, 16.539, 0.559760,  35.2349, 24 Jan 2015 12:01:13
#24.3405,  5.26957, 0.0993, 0.0956, 16.539, 0.559760,  35.2349, 24 Jan 2015 12:01:13
#24.3405,  5.26957, 0.0993, 0.0956, 16.539, 0.559760,  35.2349, 24 Jan 2015 12:01:13
#24.3405,  5.26957, 0.0993, 0.0956, 16.539, 0.559760,  35.2349, 24 Jan 2015 12:01:13
#24.4248,  5.27909, 0.2502, 0.3506, 16.345, 0.558213,  35.2400, 24 Jan 2015 13:41:13
#24.4786,  5.28569, 0.3039, 0.3336, 16.224, 0.557688,  35.2472, 24 Jan 2015 14:01:13
#24.4786,  5.28569, 0.3039, 0.3336, 16.224, 0.557688,  35.2472, 24 Jan 2015 14:01:13
#24.4214,  5.27972, 0.2389, 0.2783, 16.245, 0.558240,  35.2474, 24 Jan 2015 14:41:13
#24.5632,  5.29479, 0.1762, 0.3444, 16.019, 0.555367,  35.2490, 24 Jan 2015 15:01:13
#24.5918,  5.26138, 0.1542, 0.3220, 16.162, 0.555248,  34.9766, 24 Jan 2015 15:21:13
#24.5433,  5.25318, 0.1597, 0.2654, 16.263, 0.556113,  34.9530, 24 Jan 2015 15:41:13
#24.5120,  5.24505, 0.1558, 0.2115, 16.314, 0.556899,  34.9165, 24 Jan 2015 16:01:13
#24.4526,  5.24781, 0.1584, 0.2065, 16.354, 0.557599,  34.9836, 24 Jan 2015 16:21:13
#24.4000,  5.24457, 0.1715, 0.1780, 16.404, 0.558535,  35.0003, 24 Jan 2015 16:41:13
#24.3838,  5.24216, 0.1654, 0.1689, 16.416, 0.559046,  34.9949, 24 Jan 2015 17:01:13
#24.3838,  5.24216, 0.1654, 0.1689, 16.416, 0.559046,  34.9949, 24 Jan 2015 17:01:13
#24.3838,  5.24216, 0.1654, 0.1689, 16.416, 0.559046,  34.9949, 24 Jan 2015 17:01:13
#24.3365,  5.24994, 0.1526, 0.1547, 16.389, 0.559828,  35.0904, 24 Jan 2015 17:21:13
#24.0610,  5.22740, 0.1492, 0.1538, 16.507, 0.564886,  35.1371, 24 Jan 2015 18:21:13
#24.0610,  5.22740, 0.1492, 0.1538, 16.507, 0.564886,  35.1371, 24 Jan 2015 18:21:13
#24.0334,  5.22206, 0.1581, 0.1666, 16.557, 0.565291,  35.1185, 24 Jan 2015 18:41:13
#24.0416,  5.23673, 0.1269, 0.1428, 16.611, 0.565166,  35.2230, 24 Jan 2015 19:21:13
#24.1819,  5.25386, 0.1350, 0.1381, 16.629, 0.562559,  35.2416, 24 Jan 2015 19:41:13
#24.2291,  5.25953, 0.1328, 0.1273, 16.628, 0.561820,  35.2471, 24 Jan 2015 20:01:13
#24.3573,  5.27171, 0.1326, 0.1243, 16.619, 0.559737,  35.2377, 24 Jan 2015 20:21:13
#24.3573,  5.27171, 0.1326, 0.1243, 16.619, 0.559737,  35.2377, 24 Jan 2015 20:21:13
#24.3754,  5.27424, 0.1288, 0.1188, 16.624, 0.559134,  35.2425, 24 Jan 2015 20:41:13
#24.3754,  5.27424, 0.1288, 0.1188, 16.624, 0.559134,  35.2425, 24 Jan 2015 20:41:13
#24.3754,  5.27424, 0.1288, 0.1188, 16.624, 0.559134,  35.2425, 24 Jan 2015 20:41:13
#24.2975,  5.26644, 0.1240, 0.1374, 16.636, 0.560523,  35.2452, 24 Jan 2015 21:21:13
#24.3505,  5.27018, 0.1172, 0.1113, 16.634, 0.559564,  35.2316, 24 Jan 2015 22:21:13
#24.3505,  5.27018, 0.1172, 0.1113, 16.634, 0.559564,  35.2316, 24 Jan 2015 22:21:13
#24.3354,  5.26865, 0.1141, 0.1019, 16.641, 0.559857,  35.2320, 24 Jan 2015 22:41:13
#24.2942,  5.26500, 0.1119, 0.0921, 16.640, 0.560456,  35.2370, 24 Jan 2015 23:21:13
