#24.2869,  5.25589, 0.0961, 0.1030, 16.753, 0.560736,  35.1742, 02 Jan 2015 23:41:14
#24.2035,  5.24489, 0.0957, 0.1177, 16.765, 0.562183,  35.1569, 03 Jan 2015 00:01:14
#24.0337,  5.21566, 0.0985, 0.1465, 16.717, 0.565539,  35.0698, 03 Jan 2015 00:21:14
#24.0417,  5.22169, 0.0999, 0.1489, 16.709, 0.565240,  35.1092, 03 Jan 2015 00:41:14
#24.0417,  5.22169, 0.0999, 0.1489, 16.709, 0.565240,  35.1092, 03 Jan 2015 00:41:14
#24.0199,  5.22111, 0.1026, 0.1298, 16.745, 0.565547,  35.1220, 03 Jan 2015 01:01:14
#24.0236,  5.22184, 0.1025, 0.1370, 16.794, 0.565513,  35.1246, 03 Jan 2015 01:41:14
#24.0236,  5.22184, 0.1025, 0.1370, 16.794, 0.565513,  35.1246, 03 Jan 2015 01:41:14
#23.9962,  5.21828, 0.1044, 0.1554, 16.793, 0.565922,  35.1193, 03 Jan 2015 02:01:14
#23.9433,  5.21225, 0.1060, 0.1244, 16.834, 0.567127,  35.1153, 03 Jan 2015 02:41:14
#23.8748,  5.20376, 0.1104, 0.1374, 16.844, 0.568156,  35.1050, 03 Jan 2015 03:01:14
#23.8504,  5.20067, 0.1043, 0.1465, 16.837, 0.568637,  35.1008, 03 Jan 2015 03:21:14
#24.0674,  5.22848, 0.0968, 0.1083, 16.858, 0.564797,  35.1403, 03 Jan 2015 03:41:14
#24.0306,  5.22398, 0.0991, 0.1086, 16.857, 0.565330,  35.1352, 03 Jan 2015 04:01:14
#24.0267,  5.22363, 0.0978, 0.1067, 16.863, 0.565450,  35.1357, 03 Jan 2015 04:21:14
#24.1152,  5.23649, 0.0929, 0.0927, 16.827, 0.563852,  35.1631, 03 Jan 2015 04:41:14
#24.0617,  5.22985, 0.0938, 0.1008, 16.855, 0.564878,  35.1551, 03 Jan 2015 05:01:14
#24.0617,  5.22985, 0.0938, 0.1008, 16.855, 0.564878,  35.1551, 03 Jan 2015 05:01:14
#24.1296,  5.23834, 0.0899, 0.0914, 16.831, 0.563579,  35.1657, 03 Jan 2015 05:21:14
#24.1296,  5.23834, 0.0899, 0.0914, 16.831, 0.563579,  35.1657, 03 Jan 2015 05:21:14
#24.1482,  5.24074, 0.0881, 0.0927, 16.850, 0.563210,  35.1692, 03 Jan 2015 06:01:14
#24.1478,  5.24147, 0.0875, 0.0904, 16.855, 0.563157,  35.1750, 03 Jan 2015 06:41:14
#24.1309,  5.23922, 0.0877, 0.0951, 16.863, 0.563531,  35.1714, 03 Jan 2015 07:01:14
#24.1489,  5.24067, 0.0879, 0.0987, 16.888, 0.563252,  35.1681, 03 Jan 2015 07:21:14
#24.0965,  5.23495, 0.0860, 0.1023, 16.926, 0.564132,  35.1662, 03 Jan 2015 07:41:14
#24.0235,  5.22653, 0.0859, 0.1037, 16.931, 0.565469,  35.1601, 03 Jan 2015 08:01:14
#23.9493,  5.21645, 0.0854, 0.1011, 16.952, 0.566789,  35.1424, 03 Jan 2015 08:21:14
#23.9362,  5.21448, 0.0853, 0.1084, 16.978, 0.567134,  35.1378, 03 Jan 2015 08:41:14
#23.9362,  5.21448, 0.0853, 0.1084, 16.978, 0.567134,  35.1378, 03 Jan 2015 08:41:14
#23.9362,  5.21448, 0.0853, 0.1084, 16.978, 0.567134,  35.1378, 03 Jan 2015 08:41:14
#24.0718,  5.23253, 0.0817, 0.1062, 16.928, 0.564598,  35.1674, 03 Jan 2015 09:01:14
#23.9045,  5.20890, 0.0825, 0.1034, 16.949, 0.567664,  35.1206, 03 Jan 2015 10:01:14
#23.8306,  5.19905, 0.0799, 0.1094, 16.959, 0.568915,  35.1042, 03 Jan 2015 10:21:14
#23.8545,  5.20135, 0.0836, 0.1044, 16.953, 0.568582,  35.1028, 03 Jan 2015 10:41:14
#23.8984,  5.20695, 0.0814, 0.1070, 16.947, 0.567721,  35.1106, 03 Jan 2015 11:01:14
#23.9269,  5.21091, 0.0800, 0.1093, 16.951, 0.567226,  35.1182, 03 Jan 2015 11:21:14
#23.9269,  5.21091, 0.0800, 0.1093, 16.951, 0.567226,  35.1182, 03 Jan 2015 11:21:14
#23.8689,  5.20480, 0.0787, 0.1097, 16.866, 0.568223,  35.1176, 03 Jan 2015 11:41:14
#23.7623,  5.18843, 0.0787, 0.1142, 16.688, 0.570250,  35.0775, 03 Jan 2015 12:21:14
#23.7282,  5.18533, 0.0849, 0.1155, 16.673, 0.570828,  35.0810, 03 Jan 2015 12:41:14
#23.7184,  5.18337, 0.0801, 0.1202, 16.537, 0.571013,  35.0738, 03 Jan 2015 13:01:14
#23.7468,  5.18623, 0.0863, 0.1311, 16.509, 0.570594,  35.0730, 03 Jan 2015 13:21:14
#23.7409,  5.18416, 0.0804, 0.1342, 16.418, 0.570599,  35.0620, 03 Jan 2015 13:41:14
#23.7598,  5.18457, 0.0837, 0.1308, 16.357, 0.570268,  35.0501, 03 Jan 2015 14:01:14
#23.7636,  5.18457, 0.0851, 0.1241, 16.347, 0.570188,  35.0472, 03 Jan 2015 14:21:14
#23.7853,  5.18862, 0.0875, 0.1227, 16.379, 0.569812,  35.0607, 03 Jan 2015 14:41:14
#24.0125,  5.21950, 0.0866, 0.1011, 16.722, 0.565704,  35.1157, 03 Jan 2015 15:01:14
#24.0292,  5.21362, 0.0912, 0.1022, 16.720, 0.565529,  35.0580, 03 Jan 2015 15:21:14
#24.0278,  5.21553, 0.0936, 0.0974, 16.732, 0.565394,  35.0735, 03 Jan 2015 15:41:14
#24.0138,  5.21506, 0.0983, 0.0957, 16.730, 0.565665,  35.0810, 03 Jan 2015 16:01:14
#24.0112,  5.21240, 0.0998, 0.1006, 16.684, 0.565690,  35.0629, 03 Jan 2015 16:21:14
#24.0089,  5.21112, 0.1080, 0.0995, 16.679, 0.565734,  35.0550, 03 Jan 2015 16:41:14
#24.0183,  5.21589, 0.1097, 0.0958, 16.701, 0.565578,  35.0837, 03 Jan 2015 17:01:14
#24.0008,  5.21987, 0.1161, 0.0967, 16.722, 0.565861,  35.1276, 03 Jan 2015 17:21:14
#23.8852,  5.20340, 0.0982, 0.1225, 16.398, 0.567930,  35.0941, 03 Jan 2015 17:41:14
#23.9175,  5.21175, 0.1053, 0.1106, 16.564, 0.567317,  35.1319, 03 Jan 2015 18:01:14
#23.9950,  5.22376, 0.1108, 0.1105, 16.657, 0.566062,  35.1617, 03 Jan 2015 18:21:14
#23.9582,  5.22099, 0.1139, 0.1056, 16.716, 0.566621,  35.1698, 03 Jan 2015 18:41:14
#23.9499,  5.22115, 0.1132, 0.1005, 16.774, 0.566774,  35.1776, 03 Jan 2015 19:01:14
#23.9646,  5.22238, 0.1181, 0.0946, 16.752, 0.566642,  35.1752, 03 Jan 2015 19:21:14
#23.9401,  5.22167, 0.1156, 0.0900, 16.758, 0.566919,  35.1892, 03 Jan 2015 19:41:14
#23.9389,  5.21856, 0.1123, 0.0960, 16.760, 0.566981,  35.1666, 03 Jan 2015 20:01:14
#23.9621,  5.22162, 0.1131, 0.0981, 16.795, 0.566570,  35.1714, 03 Jan 2015 20:21:14
#23.9572,  5.21991, 0.1073, 0.0995, 16.830, 0.566752,  35.1624, 03 Jan 2015 20:41:14
#23.9059,  5.21389, 0.1081, 0.0982, 16.843, 0.567519,  35.1572, 03 Jan 2015 21:01:14
#23.9019,  5.21567, 0.1118, 0.1019, 16.868, 0.567575,  35.1739, 03 Jan 2015 21:21:14
#23.8626,  5.21078, 0.1093, 0.1005, 16.923, 0.568374,  35.1680, 03 Jan 2015 21:41:14
#23.9127,  5.21959, 0.1081, 0.0910, 16.889, 0.567532,  35.1952, 03 Jan 2015 22:01:13
#23.9010,  5.21883, 0.1066, 0.0924, 16.897, 0.567709,  35.1986, 03 Jan 2015 22:21:13
#23.9010,  5.21883, 0.1066, 0.0924, 16.897, 0.567709,  35.1986, 03 Jan 2015 22:21:13
#23.8513,  5.21297, 0.1079, 0.0901, 16.929, 0.568576,  35.1936, 03 Jan 2015 22:41:13
#23.8536,  5.21314, 0.1055, 0.0947, 16.966, 0.568625,  35.1929, 03 Jan 2015 23:21:13
