#24.3339,  5.26890, 0.0810, 0.0854, 16.781, 0.559866,  35.2350, 09 Jan 2015 23:41:13
#24.2914,  5.26437, 0.0810, 0.0856, 16.788, 0.560626,  35.2345, 10 Jan 2015 00:01:13
#24.2722,  5.26239, 0.0834, 0.0859, 16.793, 0.560963,  35.2347, 10 Jan 2015 00:21:13
#24.2722,  5.26239, 0.0834, 0.0859, 16.793, 0.560963,  35.2347, 10 Jan 2015 00:21:13
#24.2122,  5.24382, 0.0858, 0.0883, 16.842, 0.562094,  35.1420, 10 Jan 2015 00:41:13
#24.2420,  5.25406, 0.0847, 0.0885, 16.856, 0.561585,  35.1957, 10 Jan 2015 01:21:13
#24.2668,  5.25491, 0.0871, 0.0888, 16.867, 0.561115,  35.1826, 10 Jan 2015 01:41:13
#24.2661,  5.25795, 0.0880, 0.0902, 16.878, 0.561158,  35.2060, 10 Jan 2015 02:01:13
#24.2554,  5.25345, 0.0858, 0.0891, 16.906, 0.561333,  35.1806, 10 Jan 2015 02:21:13
#24.2339,  5.23837, 0.0931, 0.0903, 16.952, 0.561698,  35.0838, 10 Jan 2015 02:41:13
#24.2236,  5.24205, 0.0895, 0.0896, 16.944, 0.562069,  35.1197, 10 Jan 2015 03:01:13
#24.2178,  5.24884, 0.0905, 0.0897, 16.910, 0.562069,  35.1754, 10 Jan 2015 03:21:13
#24.2178,  5.24884, 0.0905, 0.0897, 16.910, 0.562069,  35.1754, 10 Jan 2015 03:21:13
#24.2113,  5.25053, 0.0845, 0.0890, 16.869, 0.562119,  35.1933, 10 Jan 2015 03:41:13
#24.1471,  5.22668, 0.0894, 0.0893, 16.877, 0.563363,  35.0639, 10 Jan 2015 04:21:13
#24.1746,  5.24205, 0.0906, 0.0905, 16.901, 0.562856,  35.1582, 10 Jan 2015 04:41:13
#24.1294,  5.22156, 0.0882, 0.0896, 16.937, 0.563347,  35.0392, 10 Jan 2015 05:01:13
#24.1372,  5.22295, 0.0895, 0.0907, 16.986, 0.563544,  35.0435, 10 Jan 2015 05:21:13
#24.1445,  5.22737, 0.0882, 0.0912, 17.053, 0.563227,  35.0711, 10 Jan 2015 05:41:13
#24.0971,  5.19913, 0.0953, 0.0926, 17.227, 0.564312,  34.8952, 10 Jan 2015 06:01:13
#24.0901,  5.20065, 0.0897, 0.0932, 17.153, 0.564324,  34.9121, 10 Jan 2015 06:21:13
#24.0887,  5.20795, 0.0931, 0.0918, 17.119, 0.564310,  34.9683, 10 Jan 2015 06:41:13
#24.1361,  5.22871, 0.0908, 0.0918, 17.011, 0.563538,  35.0879, 10 Jan 2015 07:01:13
#24.1463,  5.23665, 0.0872, 0.0903, 16.862, 0.563301,  35.1398, 10 Jan 2015 07:21:13
#24.1463,  5.23665, 0.0872, 0.0903, 16.862, 0.563301,  35.1398, 10 Jan 2015 07:21:13
#24.1529,  5.24272, 0.0846, 0.0905, 16.994, 0.563191,  35.1804, 10 Jan 2015 07:41:13
#24.1050,  5.22980, 0.0892, 0.0906, 17.227, 0.564032,  35.1206, 10 Jan 2015 08:21:13
#24.1192,  5.23442, 0.0855, 0.0888, 17.072, 0.563696,  35.1443, 10 Jan 2015 08:41:13
#24.0928,  5.22223, 0.0797, 0.1157, 17.301, 0.564153,  35.0730, 10 Jan 2015 09:01:13
#24.1429,  5.23770, 0.0845, 0.0896, 17.110, 0.563288,  35.1503, 10 Jan 2015 09:21:13
#24.1535,  5.23504, 0.0785, 0.0916, 17.143, 0.563126,  35.1220, 10 Jan 2015 09:41:13
#24.1660,  5.24055, 0.0821, 0.0938, 17.053, 0.562896,  35.1537, 10 Jan 2015 10:01:13
#24.1942,  5.24067, 0.0857, 0.0862, 17.002, 0.562407,  35.1324, 10 Jan 2015 10:21:13
#24.2500,  5.23899, 0.0785, 0.0898, 17.060, 0.561359,  35.0758, 10 Jan 2015 10:41:13
#24.2958,  5.24604, 0.0859, 0.0870, 17.056, 0.560553,  35.0930, 10 Jan 2015 11:01:13
#24.2958,  5.24604, 0.0859, 0.0870, 17.056, 0.560553,  35.0930, 10 Jan 2015 11:01:13
#24.2958,  5.24604, 0.0859, 0.0870, 17.056, 0.560553,  35.0930, 10 Jan 2015 11:01:13
#24.3375,  5.24331, 0.0905, 0.0910, 17.099, 0.559819,  35.0397, 10 Jan 2015 11:21:13
#24.3375,  5.24331, 0.0905, 0.0910, 17.099, 0.559819,  35.0397, 10 Jan 2015 11:21:13
#24.3995,  5.24559, 0.0821, 0.0902, 16.942, 0.558814,  35.0084, 10 Jan 2015 12:21:13
#24.3788,  5.26157, 0.0821, 0.0853, 16.818, 0.559077,  35.1446, 10 Jan 2015 13:01:13
#24.4346,  5.26744, 0.0880, 0.0861, 16.784, 0.558039,  35.1449, 10 Jan 2015 13:21:13
#24.4346,  5.26744, 0.0880, 0.0861, 16.784, 0.558039,  35.1449, 10 Jan 2015 13:21:13
#24.4346,  5.26744, 0.0880, 0.0861, 16.784, 0.558039,  35.1449, 10 Jan 2015 13:21:13
#24.4778,  5.26990, 0.0793, 0.0874, 16.787, 0.557304,  35.1294, 10 Jan 2015 13:41:13
#24.5148,  5.27632, 0.0882, 0.0868, 16.712, 0.556615,  35.1486, 10 Jan 2015 14:41:13
#24.4926,  5.27662, 0.0908, 0.0846, 16.685, 0.556953,  35.1682, 10 Jan 2015 15:01:13
#24.4926,  5.27662, 0.0908, 0.0846, 16.685, 0.556953,  35.1682, 10 Jan 2015 15:01:13
#24.4954,  5.27677, 0.0882, 0.0866, 16.664, 0.556950,  35.1672, 10 Jan 2015 15:21:13
#24.4570,  5.27474, 0.0930, 0.0852, 16.623, 0.557643,  35.1821, 10 Jan 2015 16:01:13
#24.4367,  5.27353, 0.0965, 0.0852, 16.653, 0.558022,  35.1889, 10 Jan 2015 16:21:13
#24.4398,  5.27426, 0.0990, 0.0853, 16.629, 0.557970,  35.1920, 10 Jan 2015 16:41:13
#24.4398,  5.27426, 0.0990, 0.0853, 16.629, 0.557970,  35.1920, 10 Jan 2015 16:41:13
#24.6014,  5.28320, 0.1028, 0.0900, 16.205, 0.554588,  35.1323, 10 Jan 2015 17:01:13
#24.6014,  5.28320, 0.1028, 0.0900, 16.205, 0.554588,  35.1323, 10 Jan 2015 17:01:13
#24.6014,  5.28320, 0.1028, 0.0900, 16.205, 0.554588,  35.1323, 10 Jan 2015 17:01:13
#24.5925,  5.27479, 0.0903, 0.0887, 16.038, 0.555222,  35.0763, 10 Jan 2015 17:41:13
#24.4182,  5.26923, 0.0930, 0.0882, 16.114, 0.558079,  35.1712, 10 Jan 2015 18:41:13
#24.3932,  5.26048, 0.0977, 0.0870, 16.410, 0.558732,  35.1251, 10 Jan 2015 19:01:13
#24.4795,  5.27972, 0.0966, 0.0893, 16.271, 0.557299,  35.2019, 10 Jan 2015 19:21:13
#24.4795,  5.27972, 0.0966, 0.0893, 16.271, 0.557299,  35.2019, 10 Jan 2015 19:21:13
#24.4651,  5.27821, 0.0953, 0.0883, 16.426, 0.557520,  35.2018, 10 Jan 2015 19:41:13
#24.3743,  5.27053, 0.0952, 0.0879, 16.534, 0.559144,  35.2155, 10 Jan 2015 20:21:13
#24.3180,  5.26661, 0.0992, 0.0868, 16.584, 0.560108,  35.2303, 10 Jan 2015 20:41:13
#24.2852,  5.26489, 0.0989, 0.0853, 16.690, 0.560699,  35.2432, 10 Jan 2015 21:01:13
#24.2852,  5.26489, 0.0989, 0.0853, 16.690, 0.560699,  35.2432, 10 Jan 2015 21:01:13
#24.2918,  5.26503, 0.0975, 0.0851, 16.706, 0.560623,  35.2391, 10 Jan 2015 21:21:13
#24.1963,  5.22907, 0.0977, 0.0854, 16.735, 0.562334,  35.0433, 10 Jan 2015 22:01:13
#24.2158,  5.25360, 0.1001, 0.0866, 16.746, 0.562041,  35.2128, 10 Jan 2015 22:21:13
#24.1681,  5.25056, 0.0954, 0.0865, 16.736, 0.562868,  35.2276, 10 Jan 2015 22:41:13
#24.1776,  5.25327, 0.0989, 0.0853, 16.719, 0.562706,  35.2405, 10 Jan 2015 23:01:13
#24.1622,  5.25210, 0.1012, 0.0851, 16.700, 0.562971,  35.2439, 10 Jan 2015 23:21:13
