#24.3005,  5.24260, 0.0868, 0.0838, 16.833, 0.560592,  35.0634, 27 Jan 2015 23:21:12
#24.3186,  5.25001, 0.0884, 0.0849, 16.830, 0.560162,  35.1049, 28 Jan 2015 00:01:12
#24.3108,  5.24818, 0.0843, 0.0839, 16.837, 0.560296,  35.0974, 28 Jan 2015 00:21:12
#24.2957,  5.24493, 0.0891, 0.0838, 16.877, 0.560597,  35.0848, 28 Jan 2015 00:41:12
#24.2837,  5.24420, 0.0853, 0.0852, 16.892, 0.560796,  35.0887, 28 Jan 2015 01:01:12
#24.3177,  5.25239, 0.0843, 0.0851, 16.851, 0.560223,  35.1236, 28 Jan 2015 01:21:12
#24.3108,  5.25218, 0.0841, 0.0830, 16.855, 0.560312,  35.1274, 28 Jan 2015 01:41:12
#24.3177,  5.25494, 0.0831, 0.0851, 16.843, 0.560186,  35.1427, 28 Jan 2015 02:01:12
#24.3326,  5.25792, 0.0855, 0.0859, 16.795, 0.559912,  35.1534, 28 Jan 2015 02:21:12
#24.3263,  5.25726, 0.0830, 0.0868, 16.767, 0.560014,  35.1534, 28 Jan 2015 02:41:12
#24.4819,  5.26841, 0.0757, 0.0854, 16.730, 0.557407,  35.1151, 28 Jan 2015 03:01:12
#24.4900,  5.26888, 0.0765, 0.0845, 16.711, 0.557258,  35.1123, 28 Jan 2015 03:21:12
#24.4900,  5.26888, 0.0765, 0.0845, 16.711, 0.557258,  35.1123, 28 Jan 2015 03:21:12
#24.4435,  5.26195, 0.0743, 0.0894, 16.721, 0.557896,  35.0967, 28 Jan 2015 03:41:12
#24.4209,  5.26048, 0.0749, 0.0842, 16.723, 0.558356,  35.1034, 28 Jan 2015 04:21:12
#24.4209,  5.26048, 0.0749, 0.0842, 16.723, 0.558356,  35.1034, 28 Jan 2015 04:21:12
#24.4733,  5.27090, 0.0741, 0.0838, 16.695, 0.557445,  35.1405, 28 Jan 2015 04:41:12
#24.4308,  5.26561, 0.0763, 0.0830, 16.743, 0.558157,  35.1342, 28 Jan 2015 05:21:12
#24.3097,  5.25458, 0.0838, 0.0867, 17.065, 0.560299,  35.1464, 28 Jan 2015 05:41:12
#24.3123,  5.25447, 0.0835, 0.0848, 16.960, 0.560275,  35.1435, 28 Jan 2015 06:01:12
#24.3180,  5.25459, 0.0820, 0.0856, 16.860, 0.560145,  35.1399, 28 Jan 2015 06:21:12
#24.3208,  5.25462, 0.0819, 0.0843, 16.907, 0.560134,  35.1379, 28 Jan 2015 06:41:12
#24.3208,  5.25462, 0.0819, 0.0843, 16.907, 0.560134,  35.1379, 28 Jan 2015 06:41:12
#24.3208,  5.25462, 0.0819, 0.0843, 16.907, 0.560134,  35.1379, 28 Jan 2015 06:41:12
#24.3228,  5.25483, 0.0831, 0.0850, 16.900, 0.560098,  35.1379, 28 Jan 2015 07:01:12
#24.3594,  5.26017, 0.0801, 0.0832, 16.829, 0.559475,  35.1493, 28 Jan 2015 08:01:12
#24.3678,  5.26141, 0.0778, 0.0860, 16.799, 0.559225,  35.1521, 28 Jan 2015 08:21:12
#24.4026,  5.26521, 0.0745, 0.0834, 16.763, 0.558677,  35.1533, 28 Jan 2015 08:41:12
#24.4070,  5.26591, 0.0753, 0.0821, 16.742, 0.558599,  35.1550, 28 Jan 2015 09:01:12
#24.4089,  5.26616, 0.0747, 0.0833, 16.768, 0.558493,  35.1555, 28 Jan 2015 09:21:12
#24.4621,  5.27281, 0.0722, 0.0821, 16.730, 0.557506,  35.1636, 28 Jan 2015 09:41:12
#24.5043,  5.27627, 0.0711, 0.0806, 16.692, 0.556951,  35.1565, 28 Jan 2015 10:01:12
#24.5328,  5.27989, 0.0734, 0.0807, 16.679, 0.556237,  35.1613, 28 Jan 2015 10:21:12
#24.5230,  5.25220, 0.0791, 0.0867, 17.026, 0.556227,  34.9615, 28 Jan 2015 10:41:12
#24.4523,  5.22295, 0.0766, 0.0897, 17.468, 0.557756,  34.7975, 28 Jan 2015 11:01:12
#24.4687,  5.23324, 0.0766, 0.0871, 17.173, 0.557431,  34.8618, 28 Jan 2015 11:21:12
#24.5404,  5.26645, 0.0794, 0.0843, 16.973, 0.556204,  35.0546, 28 Jan 2015 11:41:12
#24.5404,  5.26645, 0.0794, 0.0843, 16.973, 0.556204,  35.0546, 28 Jan 2015 11:41:12
#24.5644,  5.27825, 0.0748, 0.0855, 16.759, 0.555849,  35.1242, 28 Jan 2015 12:01:12
#24.6951,  5.29392, 0.0721, 0.0845, 16.687, 0.554203,  35.1392, 28 Jan 2015 12:21:12
#24.8541,  5.31241, 0.0734, 0.0822, 16.664, 0.550838,  35.1529, 28 Jan 2015 12:41:12
#24.6462,  5.29149, 0.0709, 0.0804, 16.659, 0.553953,  35.1592, 28 Jan 2015 13:01:12
#24.6822,  5.29514, 0.0680, 0.0837, 16.684, 0.553702,  35.1584, 28 Jan 2015 13:21:12
#24.6308,  5.28980, 0.0727, 0.0823, 16.690, 0.554344,  35.1587, 28 Jan 2015 13:41:12
#24.6755,  5.29469, 0.0731, 0.0840, 16.673, 0.553799,  35.1602, 28 Jan 2015 14:01:12
#24.6151,  5.28800, 0.0780, 0.0819, 16.683, 0.554816,  35.1575, 28 Jan 2015 14:21:12
#24.7561,  5.30308, 0.0765, 0.0806, 16.636, 0.552333,  35.1599, 28 Jan 2015 14:41:12
#24.7509,  5.30173, 0.0765, 0.0818, 16.634, 0.552523,  35.1538, 28 Jan 2015 15:01:12
#24.7584,  5.30218, 0.0788, 0.0817, 16.617, 0.552255,  35.1514, 28 Jan 2015 15:21:12
#24.7679,  5.30248, 0.0815, 0.0849, 16.592, 0.551962,  35.1463, 28 Jan 2015 15:41:12
#24.8275,  5.30655, 0.0838, 0.0823, 16.536, 0.551027,  35.1300, 28 Jan 2015 16:01:12
#24.8275,  5.30655, 0.0838, 0.0823, 16.536, 0.551027,  35.1300, 28 Jan 2015 16:01:12
#24.8275,  5.30655, 0.0838, 0.0823, 16.536, 0.551027,  35.1300, 28 Jan 2015 16:01:12
#24.8275,  5.30655, 0.0838, 0.0823, 16.536, 0.551027,  35.1300, 28 Jan 2015 16:01:12
#24.8194,  5.30767, 0.0834, 0.0836, 16.578, 0.551075,  35.1447, 28 Jan 2015 16:21:12
#24.8194,  5.30767, 0.0834, 0.0836, 16.578, 0.551075,  35.1447, 28 Jan 2015 16:21:12
#24.8432,  5.31181, 0.0840, 0.0832, 16.492, 0.550708,  35.1569, 28 Jan 2015 17:41:12
#24.7907,  5.30603, 0.0864, 0.0835, 16.570, 0.551706,  35.1548, 28 Jan 2015 18:21:12
#24.8147,  5.30858, 0.1197, 0.0846, 16.591, 0.551356,  35.1551, 28 Jan 2015 18:41:12
#24.7635,  5.30298, 0.0859, 0.0820, 16.611, 0.552237,  35.1533, 28 Jan 2015 19:01:12
#24.8425,  5.31026, 0.0852, 0.0820, 16.551, 0.550941,  35.1460, 28 Jan 2015 19:21:12
#24.7797,  5.30448, 0.0862, 0.0847, 16.449, 0.551859,  35.1519, 28 Jan 2015 19:41:12
#24.7877,  5.30488, 0.0848, 0.0854, 16.412, 0.551778,  35.1486, 28 Jan 2015 20:01:12
#24.6949,  5.29631, 0.0883, 0.0847, 16.542, 0.553210,  35.1572, 28 Jan 2015 20:21:12
#24.6949,  5.29631, 0.0883, 0.0847, 16.542, 0.553210,  35.1572, 28 Jan 2015 20:21:12
#24.6949,  5.29631, 0.0883, 0.0847, 16.542, 0.553210,  35.1572, 28 Jan 2015 20:21:12
#24.6949,  5.29631, 0.0883, 0.0847, 16.542, 0.553210,  35.1572, 28 Jan 2015 20:21:12
#24.8382,  5.30910, 0.0907, 0.0841, 16.508, 0.550915,  35.1406, 28 Jan 2015 21:21:12
#24.7746,  5.30060, 0.0921, 0.0864, 16.469, 0.552033,  35.1269, 28 Jan 2015 22:01:12
#24.7620,  5.30128, 0.0943, 0.0853, 16.527, 0.552246,  35.1418, 28 Jan 2015 22:21:12
#24.7585,  5.30069, 0.0883, 0.0853, 16.513, 0.552330,  35.1402, 28 Jan 2015 22:41:12
#24.7339,  5.29555, 0.0898, 0.0851, 16.467, 0.552756,  35.1210, 28 Jan 2015 23:01:12
#24.7662,  5.30143, 0.0909, 0.0854, 16.513, 0.552276,  35.1397, 28 Jan 2015 23:21:12
