#24.4486,  5.27418, 0.1259, 0.0958, 16.728, 0.557814,  35.1845, 18 Jan 2015 23:41:13
#24.4763,  5.25173, 0.1247, 0.0953, 16.734, 0.557341,  34.9944, 19 Jan 2015 00:01:13
#24.4422,  5.25931, 0.1187, 0.0937, 16.762, 0.557882,  35.0779, 19 Jan 2015 00:21:13
#24.4402,  5.26645, 0.1116, 0.0917, 16.736, 0.557988,  35.1331, 19 Jan 2015 00:41:13
#24.4097,  5.26001, 0.1127, 0.0903, 16.743, 0.558439,  35.1087, 19 Jan 2015 01:01:13
#24.4402,  5.27368, 0.1065, 0.0904, 16.714, 0.558016,  35.1874, 19 Jan 2015 01:21:13
#24.4294,  5.27702, 0.0995, 0.0864, 16.667, 0.558157,  35.2210, 19 Jan 2015 01:41:13
#24.4160,  5.27247, 0.0995, 0.0867, 16.675, 0.558371,  35.1972, 19 Jan 2015 02:01:13
#24.4346,  5.27978, 0.0971, 0.0868, 16.688, 0.558118,  35.2376, 19 Jan 2015 02:21:13
#24.4282,  5.27967, 0.0971, 0.0866, 16.738, 0.558216,  35.2417, 19 Jan 2015 02:41:13
#24.3700,  5.26979, 0.0995, 0.0876, 16.758, 0.559254,  35.2134, 19 Jan 2015 03:01:13
#24.3452,  5.25127, 0.1055, 0.0904, 16.775, 0.559672,  35.0935, 19 Jan 2015 03:21:13
#24.3762,  5.25027, 0.1070, 0.0909, 16.808, 0.559164,  35.0618, 19 Jan 2015 03:41:13
#24.3828,  5.25948, 0.1038, 0.0902, 16.727, 0.559022,  35.1258, 19 Jan 2015 04:01:13
#24.3770,  5.25746, 0.1023, 0.0878, 16.773, 0.559115,  35.1152, 19 Jan 2015 04:21:13
#24.3637,  5.25960, 0.1034, 0.0899, 16.799, 0.559349,  35.1417, 19 Jan 2015 04:41:13
#24.3646,  5.26439, 0.1009, 0.0877, 16.821, 0.559332,  35.1769, 19 Jan 2015 05:01:13
#24.3554,  5.26334, 0.0997, 0.0880, 16.819, 0.559514,  35.1763, 19 Jan 2015 05:21:13
#24.5688,  5.28201, 0.0901, 0.0842, 16.708, 0.555874,  35.1490, 19 Jan 2015 05:41:13
#24.6841,  5.29103, 0.0878, 0.0828, 16.652, 0.553678,  35.1262, 19 Jan 2015 06:01:13
#24.6751,  5.29103, 0.0866, 0.0815, 16.654, 0.553745,  35.1332, 19 Jan 2015 06:21:13
#24.6674,  5.29046, 0.0876, 0.0816, 16.658, 0.553904,  35.1350, 19 Jan 2015 06:41:13
#24.6514,  5.28934, 0.0889, 0.0828, 16.653, 0.554210,  35.1392, 19 Jan 2015 07:01:13
#24.6448,  5.28824, 0.0900, 0.0825, 16.652, 0.554448,  35.1360, 19 Jan 2015 07:21:13
#24.6338,  5.28751, 0.0864, 0.0827, 16.655, 0.554515,  35.1392, 19 Jan 2015 07:41:13
#24.6453,  5.28897, 0.0889, 0.0814, 16.650, 0.554333,  35.1412, 19 Jan 2015 08:01:13
#24.6471,  5.28858, 0.0878, 0.0813, 16.646, 0.554302,  35.1367, 19 Jan 2015 08:21:13
#24.6513,  5.28927, 0.0876, 0.0814, 16.635, 0.554216,  35.1386, 19 Jan 2015 08:41:13
#24.6513,  5.28927, 0.0876, 0.0814, 16.635, 0.554216,  35.1386, 19 Jan 2015 08:41:13
#24.6580,  5.29010, 0.0918, 0.0814, 16.634, 0.554107,  35.1396, 19 Jan 2015 09:01:13
#24.6711,  5.29188, 0.0872, 0.0814, 16.634, 0.553833,  35.1426, 19 Jan 2015 09:41:13
#24.6492,  5.29153, 0.0928, 0.0824, 16.651, 0.554229,  35.1572, 19 Jan 2015 10:01:13
#24.6874,  5.29534, 0.0902, 0.0815, 16.629, 0.553611,  35.1558, 19 Jan 2015 10:21:13
#24.6844,  5.29586, 0.0915, 0.0834, 16.623, 0.553589,  35.1620, 19 Jan 2015 10:41:13
#24.7922,  5.30637, 0.0926, 0.0810, 16.586, 0.551660,  35.1562, 19 Jan 2015 11:01:13
#24.7805,  5.30639, 0.0914, 0.0824, 16.590, 0.551803,  35.1655, 19 Jan 2015 11:21:13
#24.7954,  5.25126, 0.1274, 0.0964, 16.601, 0.551639,  34.7433, 19 Jan 2015 11:41:13
#24.9683,  5.28246, 0.1047, 0.0895, 16.616, 0.548710,  34.8417, 19 Jan 2015 12:01:13
#24.9987,  5.29963, 0.0998, 0.0897, 16.632, 0.547724,  34.9455, 19 Jan 2015 12:21:13
#24.9987,  5.29963, 0.0998, 0.0897, 16.632, 0.547724,  34.9455, 19 Jan 2015 12:21:13
#24.9987,  5.29963, 0.0998, 0.0897, 16.632, 0.547724,  34.9455, 19 Jan 2015 12:21:13
#25.4719,  5.37009, 0.0903, 0.0761, 16.480, 0.539927,  35.1003, 19 Jan 2015 13:21:13
#25.4412,  5.36714, 0.0878, 0.0833, 16.473, 0.540341,  35.1023, 19 Jan 2015 13:41:13
#25.4706,  5.36949, 0.0987, 0.0774, 16.472, 0.539823,  35.0969, 19 Jan 2015 14:01:13
#25.4069,  5.36264, 0.0987, 0.0836, 16.473, 0.541028,  35.0957, 19 Jan 2015 14:21:13
#25.3350,  5.35655, 0.0829, 0.0883, 16.494, 0.542148,  35.1064, 19 Jan 2015 14:41:13
#25.4899,  5.37116, 0.0878, 0.0759, 16.461, 0.539529,  35.0943, 19 Jan 2015 15:01:13
#25.4198,  5.36374, 0.0914, 0.0831, 16.474, 0.540637,  35.0938, 19 Jan 2015 15:21:13
#25.3853,  5.35965, 0.0940, 0.0797, 16.501, 0.541323,  35.0903, 19 Jan 2015 15:41:13
#25.4033,  5.36212, 0.0935, 0.0785, 16.481, 0.540843,  35.0946, 19 Jan 2015 16:01:13
#25.4077,  5.36258, 0.0876, 0.0821, 16.460, 0.540827,  35.0946, 19 Jan 2015 16:21:13
#25.3712,  5.35973, 0.0936, 0.0806, 16.430, 0.541499,  35.1018, 19 Jan 2015 16:41:13
#25.4263,  5.36503, 0.0914, 0.0847, 16.448, 0.540624,  35.0983, 19 Jan 2015 17:01:13
#25.3792,  5.35960, 0.0888, 0.0822, 16.479, 0.541424,  35.0947, 19 Jan 2015 17:21:13
#25.3792,  5.35960, 0.0888, 0.0822, 16.479, 0.541424,  35.0947, 19 Jan 2015 17:21:13
#25.3405,  5.35551, 0.0886, 0.0819, 16.490, 0.542076,  35.0945, 19 Jan 2015 17:41:13
#25.5071,  5.37093, 0.0878, 0.0808, 16.466, 0.539260,  35.0793, 19 Jan 2015 18:21:13
#25.5550,  5.37705, 0.0921, 0.0808, 16.487, 0.538435,  35.0873, 19 Jan 2015 18:41:13
#25.4558,  5.36705, 0.0889, 0.0820, 16.497, 0.540082,  35.0904, 19 Jan 2015 19:01:13
#25.5005,  5.37103, 0.0863, 0.0806, 16.516, 0.539377,  35.0852, 19 Jan 2015 19:21:13
#25.5005,  5.37103, 0.0863, 0.0806, 16.516, 0.539377,  35.0852, 19 Jan 2015 19:21:13
#25.4739,  5.36827, 0.0888, 0.0807, 16.527, 0.539804,  35.0854, 19 Jan 2015 19:41:13
#25.5174,  5.37226, 0.0875, 0.0819, 16.524, 0.539057,  35.0811, 19 Jan 2015 20:21:13
#25.4856,  5.36934, 0.0874, 0.0804, 16.524, 0.539602,  35.0842, 19 Jan 2015 20:41:13
#25.3778,  5.35973, 0.0900, 0.0857, 16.460, 0.541448,  35.0967, 19 Jan 2015 21:01:13
#25.4277,  5.36379, 0.0931, 0.0818, 16.527, 0.540599,  35.0881, 19 Jan 2015 21:21:13
#25.4154,  5.36260, 0.0881, 0.0805, 16.529, 0.540821,  35.0888, 19 Jan 2015 21:41:13
#25.4051,  5.36184, 0.0904, 0.0817, 16.540, 0.541002,  35.0912, 19 Jan 2015 22:01:13
#25.3824,  5.34165, 0.1120, 0.0856, 16.501, 0.541439,  34.9599, 19 Jan 2015 22:21:13
#25.3738,  5.33627, 0.1108, 0.0850, 16.508, 0.541651,  34.9270, 19 Jan 2015 22:41:13
#25.3638,  5.33324, 0.1215, 0.0867, 16.520, 0.541769,  34.9123, 19 Jan 2015 23:01:13
#25.3354,  5.32939, 0.1154, 0.0853, 16.561, 0.542237,  34.9058, 19 Jan 2015 23:21:13
