#24.2572,  5.24475, 0.1078, 0.0917, 16.546, 0.561303,  35.1136, 12 Jan 2015 23:41:13
#24.2926,  5.25223, 0.1077, 0.0925, 16.538, 0.560731,  35.1421, 13 Jan 2015 00:01:13
#24.2667,  5.25109, 0.1066, 0.0933, 16.560, 0.561133,  35.1539, 13 Jan 2015 00:21:13
#24.3070,  5.26039, 0.1068, 0.0894, 16.492, 0.560389,  35.1922, 13 Jan 2015 00:41:13
#24.3070,  5.26039, 0.1068, 0.0894, 16.492, 0.560389,  35.1922, 13 Jan 2015 00:41:13
#24.2927,  5.26223, 0.1054, 0.0898, 16.547, 0.560606,  35.2173, 13 Jan 2015 01:01:13
#24.2544,  5.26247, 0.1080, 0.0869, 16.547, 0.561294,  35.2493, 13 Jan 2015 01:41:13
#24.2247,  5.25933, 0.1057, 0.0868, 16.616, 0.561813,  35.2490, 13 Jan 2015 02:01:13
#24.2247,  5.25933, 0.1057, 0.0868, 16.616, 0.561813,  35.2490, 13 Jan 2015 02:01:13
#24.1933,  5.25602, 0.1082, 0.0895, 16.683, 0.562391,  35.2489, 13 Jan 2015 02:21:13
#24.0979,  5.23350, 0.0962, 0.0883, 16.945, 0.564137,  35.1541, 13 Jan 2015 03:01:13
#24.1068,  5.23010, 0.0964, 0.0909, 16.977, 0.564144,  35.1214, 13 Jan 2015 03:21:13
#24.1042,  5.23048, 0.0963, 0.0910, 17.026, 0.564083,  35.1263, 13 Jan 2015 03:41:13
#24.1407,  5.24356, 0.0962, 0.0905, 17.076, 0.563464,  35.1964, 13 Jan 2015 04:01:13
#24.0763,  5.24440, 0.1021, 0.0882, 17.071, 0.564538,  35.2536, 13 Jan 2015 04:21:13
#24.0202,  5.23865, 0.1085, 0.0878, 16.869, 0.565519,  35.2544, 13 Jan 2015 04:41:13
#24.0272,  5.23925, 0.1037, 0.0881, 16.923, 0.565400,  35.2535, 13 Jan 2015 05:01:13
#24.0272,  5.23925, 0.1037, 0.0881, 16.923, 0.565400,  35.2535, 13 Jan 2015 05:01:13
#24.0289,  5.23940, 0.1048, 0.0870, 16.962, 0.565389,  35.2533, 13 Jan 2015 05:21:13
#23.9965,  5.21685, 0.0976, 0.0905, 17.241, 0.566155,  35.1081, 13 Jan 2015 06:01:13
#23.9565,  5.19941, 0.0952, 0.0904, 17.279, 0.566843,  35.0077, 13 Jan 2015 06:21:13
#23.9802,  5.21036, 0.0952, 0.0904, 17.267, 0.566384,  35.0719, 13 Jan 2015 06:41:13
#24.0106,  5.21085, 0.0978, 0.0930, 17.226, 0.565903,  35.0517, 13 Jan 2015 07:01:13
#24.0334,  5.22634, 0.1025, 0.0942, 17.203, 0.565297,  35.1509, 13 Jan 2015 07:21:13
#23.9933,  5.20999, 0.0991, 0.0917, 17.192, 0.566043,  35.0588, 13 Jan 2015 07:41:13
#24.0897,  5.21740, 0.0991, 0.0929, 17.221, 0.564496,  35.0390, 13 Jan 2015 08:01:13
#24.0535,  5.22829, 0.1035, 0.0985, 17.140, 0.564959,  35.1498, 13 Jan 2015 08:21:13
#24.0109,  5.20742, 0.0993, 0.0972, 17.132, 0.565723,  35.0255, 13 Jan 2015 08:41:13
#24.0661,  5.23177, 0.1006, 0.0920, 17.064, 0.564697,  35.1662, 13 Jan 2015 09:01:13
#24.0884,  5.23527, 0.1026, 0.0889, 17.012, 0.564274,  35.1750, 13 Jan 2015 09:21:13
#24.0956,  5.24271, 0.0992, 0.0896, 16.958, 0.564150,  35.2256, 13 Jan 2015 09:41:13
#24.0956,  5.24271, 0.0992, 0.0896, 16.958, 0.564150,  35.2256, 13 Jan 2015 09:41:13
#24.0958,  5.23806, 0.0992, 0.0874, 16.959, 0.564039,  35.1902, 13 Jan 2015 10:01:13
#24.0937,  5.24253, 0.0968, 0.0910, 16.906, 0.564152,  35.2257, 13 Jan 2015 10:41:13
#24.1072,  5.24347, 0.1220, 0.0920, 16.920, 0.564018,  35.2221, 13 Jan 2015 11:01:13
#24.1288,  5.24511, 0.0821, 0.0895, 16.937, 0.563440,  35.2174, 13 Jan 2015 11:21:13
#24.1578,  5.24746, 0.0824, 0.0871, 16.926, 0.562961,  35.2123, 13 Jan 2015 11:41:13
#24.3499,  5.25032, 0.0851, 0.0879, 16.855, 0.560209,  35.0828, 13 Jan 2015 12:01:13
#24.2755,  5.25186, 0.0849, 0.0892, 16.879, 0.560904,  35.1528, 13 Jan 2015 12:21:13
#24.3014,  5.25817, 0.0849, 0.0878, 16.899, 0.560562,  35.1799, 13 Jan 2015 12:41:13
#24.3991,  5.26282, 0.0862, 0.0913, 16.854, 0.558681,  35.1380, 13 Jan 2015 13:01:13
#24.4298,  5.26204, 0.0888, 0.0911, 16.735, 0.558123,  35.1081, 13 Jan 2015 13:21:13
#24.4492,  5.26912, 0.0862, 0.0898, 16.874, 0.558198,  35.1460, 13 Jan 2015 13:41:13
#24.3857,  5.27164, 0.0922, 0.0897, 16.890, 0.558945,  35.2148, 13 Jan 2015 14:01:13
#24.5518,  5.28072, 0.0935, 0.0887, 16.808, 0.556189,  35.1525, 13 Jan 2015 14:21:13
#24.4998,  5.27684, 0.0936, 0.0909, 16.733, 0.556972,  35.1643, 13 Jan 2015 14:41:13
#24.4647,  5.27738, 0.0984, 0.0871, 16.755, 0.557527,  35.1959, 13 Jan 2015 15:01:13
#24.7307,  5.28378, 0.0961, 0.0908, 16.375, 0.552420,  35.0357, 13 Jan 2015 15:21:13
#24.7307,  5.28378, 0.0961, 0.0908, 16.375, 0.552420,  35.0357, 13 Jan 2015 15:21:13
#24.8669,  5.29544, 0.0987, 0.0907, 16.437, 0.550388,  35.0166, 13 Jan 2015 15:41:13
#25.2064,  5.35322, 0.1288, 0.0863, 16.492, 0.543954,  35.1815, 13 Jan 2015 16:21:13
#25.0200,  5.33007, 0.1251, 0.0849, 16.545, 0.547646,  35.1549, 13 Jan 2015 16:41:13
#25.0534,  5.33324, 0.1275, 0.0947, 16.521, 0.547104,  35.1524, 13 Jan 2015 17:01:13
#24.9015,  5.31822, 0.1203, 0.0903, 16.583, 0.549807,  35.1592, 13 Jan 2015 17:21:13
#24.8703,  5.31348, 0.1239, 0.0886, 16.553, 0.550358,  35.1483, 13 Jan 2015 17:41:13
#24.8703,  5.31348, 0.1239, 0.0886, 16.553, 0.550358,  35.1483, 13 Jan 2015 17:41:13
#24.8723,  5.31420, 0.1263, 0.1105, 16.569, 0.550371,  35.1520, 13 Jan 2015 18:01:13
#24.8922,  5.31837, 0.1242, 0.0869, 16.466, 0.549977,  35.1676, 13 Jan 2015 18:41:13
#24.8988,  5.31858, 0.1229, 0.0880, 16.456, 0.549831,  35.1640, 13 Jan 2015 19:01:13
#24.8838,  5.31669, 0.1266, 0.0869, 16.511, 0.550120,  35.1617, 13 Jan 2015 19:21:13
#24.7735,  5.30374, 0.1231, 0.0867, 16.517, 0.551924,  35.1512, 13 Jan 2015 19:41:13
#24.8535,  5.31059, 0.1196, 0.0880, 16.367, 0.550655,  35.1398, 13 Jan 2015 20:01:13
#24.7859,  5.29624, 0.1183, 0.0891, 16.282, 0.551761,  35.0856, 13 Jan 2015 20:21:13
#24.7645,  5.29876, 0.1184, 0.0901, 16.406, 0.552192,  35.1211, 13 Jan 2015 20:41:13
#24.7645,  5.29876, 0.1184, 0.0901, 16.406, 0.552192,  35.1211, 13 Jan 2015 20:41:13
#24.7604,  5.30177, 0.1187, 0.0879, 16.431, 0.552330,  35.1467, 13 Jan 2015 21:01:13
#24.7604,  5.30177, 0.1187, 0.0879, 16.431, 0.552330,  35.1467, 13 Jan 2015 21:01:13
#24.7604,  5.30177, 0.1187, 0.0879, 16.431, 0.552330,  35.1467, 13 Jan 2015 21:01:13
#24.5946,  5.28055, 0.1212, 0.0878, 16.548, 0.555167,  35.1178, 13 Jan 2015 21:21:13
#24.5726,  5.28203, 0.1204, 0.0876, 16.508, 0.555625,  35.1461, 13 Jan 2015 22:21:13
#24.5907,  5.29321, 0.1025, 0.0913, 16.239, 0.555402,  35.2157, 13 Jan 2015 23:01:13
#24.4062,  5.27511, 0.1050, 0.0888, 16.419, 0.558195,  35.2249, 13 Jan 2015 23:21:13
