#24.4873,  5.28407, 0.1068, 0.1072, 16.713, 0.557148,  35.2283, 22 Jan 2015 23:41:13
#24.4737,  5.28247, 0.1045, 0.1070, 16.687, 0.557384,  35.2270, 23 Jan 2015 00:01:13
#24.4768,  5.28292, 0.1055, 0.1057, 16.730, 0.557323,  35.2279, 23 Jan 2015 00:21:13
#24.4635,  5.28194, 0.1055, 0.1045, 16.732, 0.557479,  35.2310, 23 Jan 2015 00:41:13
#24.4704,  5.28261, 0.1033, 0.1071, 16.709, 0.557425,  35.2306, 23 Jan 2015 01:01:13
#24.4696,  5.28256, 0.1077, 0.1030, 16.760, 0.557426,  35.2308, 23 Jan 2015 01:21:13
#24.4651,  5.28202, 0.1066, 0.1041, 16.787, 0.557536,  35.2303, 23 Jan 2015 01:41:13
#24.4467,  5.28041, 0.1055, 0.1149, 16.787, 0.557896,  35.2327, 23 Jan 2015 02:01:13
#24.4147,  5.27737, 0.1040, 0.1101, 16.798, 0.558413,  35.2351, 23 Jan 2015 02:21:13
#24.4064,  5.26551, 0.1111, 0.1058, 16.828, 0.558625,  35.1525, 23 Jan 2015 02:41:13
#24.3614,  5.26345, 0.1054, 0.1022, 16.808, 0.559404,  35.1724, 23 Jan 2015 03:01:13
#24.3603,  5.27141, 0.1038, 0.1044, 16.783, 0.559437,  35.2331, 23 Jan 2015 03:21:13
#24.3712,  5.27279, 0.1039, 0.0976, 16.778, 0.559193,  35.2349, 23 Jan 2015 03:41:13
#24.3493,  5.27002, 0.1052, 0.1012, 16.772, 0.559620,  35.2313, 23 Jan 2015 04:01:13
#24.3423,  5.26960, 0.1027, 0.0973, 16.789, 0.559745,  35.2337, 23 Jan 2015 04:21:13
#24.2945,  5.26365, 0.1098, 0.0916, 16.774, 0.560559,  35.2266, 23 Jan 2015 04:41:13
#24.2646,  5.26037, 0.1086, 0.0896, 16.804, 0.561116,  35.2254, 23 Jan 2015 05:01:13
#24.2047,  5.25643, 0.1100, 0.0892, 16.836, 0.562171,  35.2429, 23 Jan 2015 05:21:13
#24.1631,  5.25272, 0.1110, 0.0903, 16.864, 0.562872,  35.2478, 23 Jan 2015 05:41:13
#24.1757,  5.25360, 0.1086, 0.0903, 16.902, 0.562677,  35.2445, 23 Jan 2015 06:01:13
#24.1757,  5.25360, 0.1086, 0.0903, 16.902, 0.562677,  35.2445, 23 Jan 2015 06:01:13
#24.1757,  5.25360, 0.1086, 0.0903, 16.902, 0.562677,  35.2445, 23 Jan 2015 06:01:13
#24.2444,  5.24502, 0.1121, 0.1017, 16.948, 0.561518,  35.1258, 23 Jan 2015 07:01:13
#24.2444,  5.24502, 0.1121, 0.1017, 16.948, 0.561518,  35.1258, 23 Jan 2015 07:01:13
#24.2199,  5.24397, 0.1099, 0.0993, 16.928, 0.562005,  35.1370, 23 Jan 2015 07:21:13
#24.2199,  5.24397, 0.1099, 0.0993, 16.928, 0.562005,  35.1370, 23 Jan 2015 07:21:13
#24.1778,  5.24062, 0.1098, 0.0970, 16.909, 0.562681,  35.1449, 23 Jan 2015 08:01:13
#24.2192,  5.24640, 0.1060, 0.0958, 16.844, 0.561962,  35.1559, 23 Jan 2015 08:41:13
#24.2213,  5.25827, 0.1087, 0.0910, 16.778, 0.561916,  35.2438, 23 Jan 2015 09:01:13
#24.2085,  5.25256, 0.1072, 0.0932, 16.856, 0.562144,  35.2108, 23 Jan 2015 09:21:13
#24.2421,  5.25424, 0.1074, 0.0957, 16.851, 0.561529,  35.1969, 23 Jan 2015 09:41:13
#24.2421,  5.25424, 0.1074, 0.0957, 16.851, 0.561529,  35.1969, 23 Jan 2015 09:41:13
#24.2266,  5.25731, 0.1084, 0.0919, 16.812, 0.561719,  35.2323, 23 Jan 2015 10:21:13
#24.2599,  5.25546, 0.1034, 0.0980, 16.835, 0.561241,  35.1922, 23 Jan 2015 10:41:13
#24.2971,  5.26409, 0.1046, 0.1014, 16.516, 0.560548,  35.2278, 23 Jan 2015 11:01:13
#24.2719,  5.25999, 0.1108, 0.0992, 16.747, 0.560984,  35.2168, 23 Jan 2015 11:21:13
#24.2914,  5.26237, 0.1099, 0.0946, 16.786, 0.560621,  35.2194, 23 Jan 2015 11:41:13
#24.2914,  5.26237, 0.1099, 0.0946, 16.786, 0.560621,  35.2194, 23 Jan 2015 11:41:13
#24.3202,  5.26592, 0.1133, 0.0909, 16.782, 0.560129,  35.2234, 23 Jan 2015 12:01:13
#24.2914,  5.26461, 0.1140, 0.0887, 16.785, 0.560628,  35.2362, 23 Jan 2015 12:41:13
#24.2914,  5.26461, 0.1140, 0.0887, 16.785, 0.560628,  35.2362, 23 Jan 2015 12:41:13
#24.3411,  5.26850, 0.1134, 0.0874, 16.797, 0.559707,  35.2264, 23 Jan 2015 13:21:13
#24.3911,  5.27294, 0.1183, 0.0898, 16.823, 0.558813,  35.2204, 23 Jan 2015 13:41:13
#24.4441,  5.27756, 0.1203, 0.0910, 16.815, 0.557903,  35.2134, 23 Jan 2015 14:01:13
#24.4767,  5.28020, 0.1167, 0.0887, 16.803, 0.557321,  35.2076, 23 Jan 2015 14:21:13
#24.4751,  5.28014, 0.1268, 0.0901, 16.797, 0.557355,  35.2084, 23 Jan 2015 14:41:13
#24.4411,  5.27760, 0.1171, 0.0985, 16.747, 0.557941,  35.2161, 23 Jan 2015 15:01:13
#24.4493,  5.27835, 0.1253, 0.1010, 16.727, 0.557818,  35.2152, 23 Jan 2015 15:21:13
#24.4557,  5.27879, 0.1270, 0.1015, 16.735, 0.557707,  35.2135, 23 Jan 2015 15:41:13
#24.4451,  5.27812, 0.1340, 0.1033, 16.724, 0.557908,  35.2168, 23 Jan 2015 16:01:13
#24.5161,  5.28485, 0.1206, 0.1048, 16.239, 0.556626,  35.2115, 23 Jan 2015 16:21:13
#24.3432,  5.26845, 0.1225, 0.1033, 16.538, 0.559937,  35.2243, 23 Jan 2015 16:41:13
#24.3304,  5.26904, 0.1305, 0.0995, 16.512, 0.559914,  35.2388, 23 Jan 2015 17:01:13
#24.3304,  5.26904, 0.1305, 0.0995, 16.512, 0.559914,  35.2388, 23 Jan 2015 17:01:13
#24.2848,  5.26251, 0.1290, 0.1003, 16.532, 0.560710,  35.2257, 23 Jan 2015 17:21:13
#24.3445,  5.26859, 0.1254, 0.0978, 16.502, 0.559772,  35.2244, 23 Jan 2015 18:01:13
#24.3245,  5.26729, 0.1244, 0.0957, 16.471, 0.559920,  35.2303, 23 Jan 2015 18:21:13
#24.3858,  5.27035, 0.1284, 0.0963, 16.445, 0.559005,  35.2051, 23 Jan 2015 18:41:13
#24.3234,  5.26577, 0.1281, 0.0939, 16.507, 0.560044,  35.2198, 23 Jan 2015 19:01:13
#24.2753,  5.26204, 0.1314, 0.0924, 16.536, 0.560923,  35.2296, 23 Jan 2015 19:21:13
#24.4955,  5.27046, 0.1153, 0.1009, 16.627, 0.557186,  35.1198, 23 Jan 2015 19:41:13
#24.3059,  5.26442, 0.1208, 0.0946, 16.579, 0.560114,  35.2233, 23 Jan 2015 20:01:13
#24.2386,  5.25917, 0.1267, 0.0926, 16.589, 0.561578,  35.2369, 23 Jan 2015 20:21:13
#24.2386,  5.25917, 0.1267, 0.0926, 16.589, 0.561578,  35.2369, 23 Jan 2015 20:21:13
#24.3014,  5.26387, 0.1216, 0.0929, 16.594, 0.560484,  35.2228, 23 Jan 2015 21:01:13
#24.3140,  5.26655, 0.1203, 0.0911, 16.592, 0.560267,  35.2330, 23 Jan 2015 21:21:13
#24.3103,  5.26852, 0.1169, 0.0928, 16.626, 0.559878,  35.2507, 23 Jan 2015 21:41:13
#24.2517,  5.26076, 0.1228, 0.0902, 16.707, 0.561342,  35.2386, 23 Jan 2015 22:01:13
#24.2261,  5.25846, 0.1181, 0.0880, 16.697, 0.561881,  35.2414, 23 Jan 2015 22:21:13
#24.2230,  5.25870, 0.1121, 0.0877, 16.703, 0.561813,  35.2457, 23 Jan 2015 22:41:13
#24.2137,  5.25710, 0.1179, 0.0850, 16.714, 0.562090,  35.2409, 23 Jan 2015 23:01:13
#24.2137,  5.25710, 0.1179, 0.0850, 16.714, 0.562090,  35.2409, 23 Jan 2015 23:01:13
